216.797 321.331 3 30 3
208.59 321.169 3 30 3
209.326 322.28 3 30 3
209.551 322.531 3 30 3
198.019 323.07 3 24 4
191.428 318.533 3 24 4
188.164 319.312 3 24 4
188.164 319.312 3 24 4
183.845 318.359 3 24 4
173.202 325.924 3 32 5
173.201 318.973 3 32 5
159.964 328.151 3 32 5
159.964 328.151 3 32 5
155.293 325.713 3 23 2
148.336 325.648 3 23 2
138.025 325.45 3 23 2
138.025 325.45 3 23 2
134.685 317.224 3 23 2
122.316 318.628 3 23 2
109.602 318.29 3 23 2
100.682 319.183 3 23 2
100.682 319.183 3 23 2
102.575 324.348 3 23 2
93.0664 323.564 3 23 2
82.4015 318.449 3 23 2
80.4448 321.795 3 23 2
70.6744 318.439 3 23 2
62.6187 322.475 3 26 2
61.5264 316.373 3 26 2
56.0037 317.537 3 26 2
55.8162 316.415 3 26 2
55.8162 316.415 3 26 2
50.3641 317.721 3 26 2
38.9245 316.919 3 26 2
16.5656 316.201 3 26 2
-5.50858 316.253 3 26 2
-8.22324 324.697 3 26 2
-24.8799 316.463 3 26 2
-30.4314 316.443 3 26 2
-30.4314 316.443 3 26 2
-30.373 315.732 3 26 2
248.768 291.205 1 6 0
273.492 283.352 1 6 0
290.751 285.696 1 6 0
303.683 288.136 1 1 0
328.793 290.821 1 1 0
367.606 287.178 1 1 0
380.778 292.167 1 1 0
396.053 298.436 1 1 0
413.86 306.24 1 1 0
429.626 306.308 1 1 0
445.295 305.886 1 1 0
455.397 307.034 1 1 0
489.453 305.821 1 1 0
500.19 306.519 1 1 0
526.959 304.235 1 1 0
308.255 211.789 4 15 0
315.702 216.836 4 15 0
321.948 220.983 4 15 0
326.345 224.096 4 15 0
329.142 226.027 4 15 0
334.093 229.413 4 15 0
340.678 233.951 4 15 0
350.351 236.083 4 15 0
355.923 239.98 4 15 0
362.362 244.378 4 15 0
368.466 248.559 4 15 0
355.393 277.663 4 15 0
379.069 246.16 4 15 0
366.529 281.248 4 15 0
384.368 265.282 4 15 0
170.201 115.081 2 0 0
177.678 115.523 2 0 0
181.493 118.081 2 0 0
183.4 121.725 2 0 0
186.319 123.649 2 0 0
189.401 125.686 2 0 0
189.401 125.686 2 0 0
193.265 128.503 2 0 0
197.919 133.806 2 0 0
210.592 142.149 2 0 0
214.969 144.946 2 0 0
217.408 146.527 2 0 0
231.846 141.49 2 0 0
232.588 146.798 2 0 0
236.209 146.154 2 0 0
-86.8787 548.999 5 28 5
-90.6894 541.885 5 28 5
-89.749 535.769 5 28 5
-89.749 535.769 5 28 5
-88.9358 530.634 5 20 4
-77.8581 521.197 5 20 4
-76.9103 514.766 5 20 4
-76.5365 512.295 5 20 4
-76.3104 510.812 5 20 4
-79.5568 502.218 5 20 4
-73.7206 493.473 5 20 4
-82.2697 491.439 5 22 4
-81.0836 484.713 5 22 4
-79.9962 478.814 5 22 4
-90.6128 465.888 5 22 4
-85.1265 459.158 5 23 7
-80.3135 455.455 5 23 7
-79.9748 453.484 5 23 7
-79.7308 451.975 5 23 7
-75.0168 448.388 5 20 5
-73.9945 442.139 5 20 5
-73.4445 438.852 5 20 5
-72.7293 434.578 4 23 4
-61.3919 437.181 4 23 4
-56.6404 429.926 4 23 4
-55.9704 424.469 4 18 3
-51.9787 423.129 4 18 3
-51.3664 417.499 4 18 3
-51.3664 417.499 4 18 3
-51.0541 414.902 4 18 3
-46.8012 410.086 4 18 3
-42.7336 406.94 4 18 3
-38.4011 400.345 4 18 3
-37.7133 393.957 4 18 3
-35.9618 373.903 4 18 3
-35.526 368.588 4 18 3
-32.3067 369.017 4 18 3
-28.6113 363.171 4 18 3
-18.9016 365.198 4 15 3
-24.6563 352.321 4 15 3
-12.0977 351.005 4 15 3
-12.0404 345.865 4 15 3
-8.94333 340.104 4 15 3
-8.8798 336.249 4 15 3
-8.76272 330.826 4 15 3
-5.80813 328.606 4 15 3
-2.84314 318.65 4 15 3
-2.7606 314.555 4 15 3
-2.7606 314.555 4 15 3
0.046512 309.794 4 15 3
2.15592 115.885 1 8 5
3.25298 111.751 1 8 5
6.21576 105.014 1 23 6
1.54776 93.268 1 23 6
3.18836 92.1275 1 23 6
6.79414 86.6914 1 23 6
8.1518 84.4778 1 23 6
9.45321 82.7877 1 23 6
10.0805 82.0634 1 23 6
11.476 81.9638 1 23 6
14.4182 81.9203 1 23 6
24.3288 85.716 1 23 6
25.7096 81.0643 1 23 6
27.5792 79.9915 1 23 6
27.8865 78.931 1 23 6
39.2855 81.23 1 15 4
43.1989 81.7668 1 15 4
54.2493 95.3735 1 15 4
62.4164 98.6256 1 15 4
84.3105 93.6362 1 15 4
65.4976 113.335 1 15 4
67.8684 115.105 1 15 3
77.0874 118.477 1 15 3
82.0129 121.566 1 15 3
86.0576 123.065 1 15 3
97.7557 127.781 1 15 3
109.746 124.549 1 15 3
109.746 124.549 2 17 3
113.403 123.888 2 17 3
113.341 126.248 2 17 3
115.172 128.539 2 17 3
117.902 129.22 2 17 3
128.006 125.569 1 14 1
124.54 146.201 1 14 1
130.761 153.556 2 10 0
138.945 160.049 2 10 0
142.538 164.143 2 10 0
145.637 167.582 2 11 0
150.875 170.424 2 11 0
150.875 170.424 2 11 0
166.417 168.921 2 11 0
165.818 168.787 2 11 0
166.081 172.231 2 11 0
174.575 178.206 2 11 0
181.87 179.152 2 11 0
191.059 181.475 2 11 0
187.817 188.06 2 11 0
191.153 188.067 2 11 0
194.948 181.734 2 11 0
199.009 192.43 2 11 0
206.468 196.202 2 11 0
211.425 197.328 2 3 0
223.481 204.969 2 3 0
228.254 205.662 2 3 0
241.16 202.324 2 3 0
241.465 202.954 2 3 0
237.61 189.155 2 3 0
238.836 189.998 2 3 0
244.799 191.316 2 3 0
254.267 198.686 2 3 0
263.968 221.907 2 3 0
281.12 204.251 2 3 0
284.656 234.895 2 3 0
292.352 236.972 5 15 -1
296.716 227.612 5 15 -1
303.041 241.148 5 15 -1
313.688 249.604 5 15 -1
319.112 253.934 5 15 -1
329.211 261.846 5 15 -1
340.334 261.191 5 15 -1
337.572 249.819 5 15 -1
345.241 255.47 5 15 -1
365.63 285.681 5 15 -1
373.957 297.49 5 15 -1
380.327 302.65 5 15 -1
386.627 302.097 2 21 1
389.999 304.684 2 21 1
397.842 316.536 3 18 0
403.307 326.722 3 18 0
408.78 331.082 3 18 0
418.165 338.556 4 21 0
421.752 341.434 4 21 0
424.491 343.631 4 21 0
427.219 345.823 4 21 0
430.321 348.347 4 21 0
429.743 354.191 4 21 0
439.844 356.049 4 21 0
455.087 355.54 4 21 0
458.07 370.928 4 21 0
462.411 374.462 4 25 0
468.105 379.137 4 25 0
471.626 381.938 4 25 0
475.183 391.806 4 25 0
462.236 416.199 4 25 0
483.073 405.346 4 25 0
483.32 412.826 4 25 0
488.282 417.023 4 25 0
492.866 420.893 4 25 0
495.921 423.474 4 25 0
510.361 420.387 4 25 0
499.32 426.383 4 25 0
513.783 423.308 5 25 -1
495.024 437.995 5 25 -1
505.526 447.252 5 25 -1
518.91 459.128 5 25 -1
521.557 461.417 5 25 -1
528.287 467.389 5 25 -1
531.454 470.223 5 25 -1
533.314 471.892 5 25 -1
536.433 483.036 5 25 -1
538.847 493.762 5 25 -1
139.469 185.181 2 27 3
135.225 183.023 2 27 3
128.11 179.804 2 27 3
124.132 180.816 2 27 3
119.62 181.769 2 27 3
119.429 177.364 2 27 3
117.049 177.15 2 27 3
117.049 177.15 2 17 2
108.434 177.3 2 17 2
103.911 176.809 2 17 2
101.782 169.299 2 17 2
95.1562 179.589 2 5 3
91.923 181.153 2 5 3
91.8161 172.498 2 5 3
88.7812 174.08 1 1 2
87.037 174.4 1 1 2
84.0895 176.209 1 1 2
81.1343 177.956 1 -1 1
69.6721 193.681 1 -1 1
69.9882 187.258 2 3 0
59.1862 193.697 2 3 0
56.5372 196.776 2 3 0
47.7477 206.419 2 3 0
44.3399 216.833 2 3 0
41.2024 221.298 2 3 0
39.5783 223.511 3 4 2
35.992 226.365 3 4 2
34.3521 228.874 3 4 2
5.81128 221.924 3 4 2
25.1449 234.973 3 4 2
18.5485 234.829 3 4 2
14.3864 235.621 3 4 2
12.4382 238.002 3 8 1
10.727 244.89 3 8 1
8.69771 249.07 2 4 0
11.0358 252.681 2 4 0
11.2242 255.875 2 4 0
9.06409 259.161 2 4 0
7.00971 266.607 2 5 0
4.81886 273.673 2 5 0
2.45605 274.436 2 5 0
0.076781 279.314 2 1 0
-5.03522 286.668 2 1 0
-2.44521 296.523 2 1 0
-7.79051 296.091 2 0 0
15.6485 298.59 2 0 0
-5.43682 309.477 2 0 0
-5.41189 313.474 3 -3 0
-5.52402 318.042 3 -3 0
-5.72834 325.463 3 -3 0
-2.80869 327.008 2 -4 0
-5.84546 336.314 2 -4 0
-5.94264 343.31 4 -1 0
-6.07718 353.874 4 -1 0
-6.19138 363.286 4 -1 0
-12.58 360.744 4 -1 0
-3.03117 377.042 4 -1 0
0.194413 388.048 4 -1 0
7.15859 402.69 4 -1 0
10.69 408.844 4 -1 0
224.617 79.2828 2 26 6
219.975 77.7362 2 26 6
212.775 75.3308 2 26 6
208.982 74.0712 2 17 3
205.967 73.0108 2 17 3
203.228 72.0695 2 17 3
196.775 69.7422 1 22 3
191.457 67.9061 1 22 3
183.221 64.9582 1 25 6
178.127 63.1222 1 25 6
172.252 64.415 1 25 6
170.583 63.7931 1 22 7
168.586 63.0342 1 22 7
166.428 63.8991 1 22 7
164.926 65.0063 1 18 5
160.868 66.6809 1 18 5
158.784 67.4312 1 18 5
152.915 69.7771 1 13 5
146.441 73.2452 1 13 5
143.645 75.113 1 13 5
140.763 76.8749 1 13 5
137.673 78.3941 1 13 5
130.455 70.8097 1 13 6
130.476 80.2915 1 13 6
123.2 78.354 1 13 6
121.033 81.5794 1 13 6
117.5 84.0425 1 13 6
304.103 403.675 4 3 -1
306.358 406.67 4 3 -1
308.298 409.277 4 3 -1
319.304 408.663 4 6 -1
321.33 418.837 4 6 -1
330.263 430.556 4 9 -1
347.251 428.777 4 9 -1
343.861 432.353 4 9 -1
343.842 432.381 4 7 1
344.943 433.805 4 7 1
344.903 433.726 4 7 1
359.451 428.468 4 11 0
374.38 423.16 4 11 0
385.762 420.985 4 11 0
379.825 444.778 4 12 0
385.701 443.743 4 12 0
391.348 442.338 4 12 0
391.993 443.102 4 12 0
398.449 442.529 4 12 0
400.97 445.366 4 12 0
417.941 440.383 4 12 0
418.619 449.01 5 19 1
404.139 448.842 5 19 1
406.162 451.089 5 19 1
407.501 452.575 5 19 1
410.161 455.53 5 19 1
414.462 452.299 5 19 1
439.389 447.12 5 19 1
447.107 447.212 5 19 1
471.842 417.451 5 19 1
479.217 416.588 5 19 1
191.318 141.568 2 15 7
197.045 148.518 2 15 7
172.829 127.887 2 15 4
172.321 125.198 2 15 4
181.061 128.962 2 15 4
167.461 128.589 2 15 4
160.684 118.978 2 20 2
171.359 110.767 2 20 2
167.321 106.11 1 25 3
151.569 104.221 1 25 3
144.703 94.0647 1 25 1
148.932 87.3136 1 25 1
147.495 84.7134 1 25 1
146.371 82.3475 2 21 1
146.766 80.8478 2 21 1
145.13 79.9979 2 21 1
142.284 78.4817 1 24 3
141.829 73.4717 1 24 3
142.606 72.2854 1 27 3
145.45 68.9134 1 27 3
147.356 66.8318 1 27 3
147.81 63.9057 1 27 3
153.008 61.4004 1 27 3
155.095 60.7884 1 27 2
158.314 58.9472 1 27 2
159.178 59.2817 1 27 2
160.5 58.1432 1 27 2
310.418 115.574 3 22 3
292.536 121.16 3 22 3
308.74 91.4529 3 22 3
294.821 119.097 3 22 3
308.623 115.049 3 22 3
305.228 116.914 3 22 3
304.129 113.621 3 25 4
302.427 98.2554 3 25 4
293.162 103.814 2 30 4
302.415 119.095 2 30 4
308.335 118.119 2 30 4
315.549 117.539 2 36 0
315.147 120.717 3 37 1
302.545 113.117 3 37 1
291.221 114.715 3 37 1
305.281 117.186 2 31 0
335.074 131.857 2 31 0
334.108 134.968 2 31 0
336.266 135.853 2 31 0
336.404 135.957 2 31 0
328.772 122.923 3 37 3
324.886 124.712 3 37 3
332.355 127.579 3 37 3
347.871 136.883 3 37 1
353.313 138.866 3 37 1
361.328 138.34 3 39 0
356.668 144.096 3 39 0
351.445 127.916 3 39 0
355.376 125.845 3 39 0
381.714 142.587 2 46 0
383.975 143.387 2 46 0
390.368 141.78 2 47 0
390.487 141.868 2 47 0
361.188 124.367 2 47 0
362.917 128.516 3 48 4
386.71 140.591 3 48 4
379.503 141.925 3 49 2
377.126 144.771 3 49 2
389.584 141.488 2 41 1
378.492 145.299 2 41 1
369.515 130.852 2 41 2
360.243 124.041 2 41 2
386.915 140.614 3 43 7
385.981 140.259 3 43 7
386.287 140.32 3 43 7
377.574 137.472 3 43 7
383.848 135.773 3 43 7
385.783 136.378 3 43 7
382.71 131.757 3 43 7
363.218 118.072 3 47 11
350.858 117.423 3 47 11
374.383 136.306 3 47 11
363.324 114.574 3 47 11
379.622 130.693 3 48 3
381.484 134.96 3 48 3
383.71 135.661 3 48 3
381.962 135.109 3 48 3
378.829 130.44 3 48 3
367.162 115.784 3 48 3
377.213 140.922 4 49 7
376.675 140.647 4 49 7
365.298 143.92 4 49 7
363.706 147.01 4 49 7
344.529 125.367 4 51 4
359.907 141.784 4 51 4
363.439 150.386 4 51 5
354.262 154.018 4 51 5
338.659 133.401 4 44 6
319.741 142.358 4 44 6
354.254 161.411 4 44 6
334.727 145.543 4 47 3
357.412 169.216 3 40 1
354.097 180.446 3 40 1
352.28 183.427 3 35 -1
346.21 187.997 3 35 -1
340.319 196.47 3 35 -1
344.04 202.389 3 28 1
341.976 189.561 3 24 1
326.761 216.23 3 24 1
329.045 217.575 3 24 1
328.183 221.179 3 24 1
327.247 220.599 3 24 1
326.561 200.117 3 24 1
335.499 205.599 3 26 0
324.344 231.142 3 26 0
316.227 238.294 4 27 0
324.545 244.396 3 26 0
315.949 246.869 3 26 0
315.942 246.878 3 26 0
313.79 249.607 4 25 2
322.955 252.059 3 28 3
318.654 257.82 3 28 3
318.682 262.527 3 28 3
327.652 238.053 3 28 3
317.333 269.8 3 31 0
308.551 277.79 3 31 0
309.935 279.026 3 31 0
308.318 282.505 3 26 0
307.921 282.16 3 26 0
314.015 282.532 3 26 0
312.333 281.23 3 26 0
310.594 260.671 4 23 2
308.285 292.517 4 23 2
309.499 293.658 4 23 2
311.576 295.583 4 23 3
315.116 298.871 4 23 3
317.846 301.456 4 23 3
325.267 282.751 4 23 3
311.109 311.121 3 20 1
314.657 314.644 3 20 1
326.731 315.307 3 20 1
325.737 320.009 3 20 1
325.772 319.974 3 20 1
325.652 319.859 3 20 1
336.692 313.625 3 20 1
336.588 292.591 3 20 1
325.047 319.286 3 20 1
324.929 319.168 3 16 3
324.805 319.057 3 16 3
325.043 319.29 3 16 3
324.803 319.059 3 16 3
325.274 319.53 3 16 3
330.289 292.215 3 16 3
331.139 314.062 3 16 3
338.965 315.581 3 16 3
325.437 319.602 3 16 3
325.687 319.824 3 16 3
325.313 319.491 3 16 3
325.19 319.379 3 16 3
332.171 314.97 3 16 3
392.625 187.272 3 13 0
384.684 187.623 3 13 0
388.402 193.65 3 13 0
406.539 207.123 3 13 0
405.215 210.866 3 9 0
409.57 208.593 3 9 0
408.725 212.614 3 9 0
382.278 229.706 3 5 0
402.917 228.099 3 5 -1
407.626 216.658 3 5 -1
406.423 216.084 3 5 -1
406.127 215.93 3 5 -1
400.529 221.855 3 5 -1
378.562 231.973 3 5 -1
367.474 225.188 3 5 -1
407.776 207.712 3 16 5
406.352 206.932 3 16 5
407.531 203.01 3 17 4
402.797 200.776 3 17 4
403.895 196.823 3 12 3
398.145 199.115 3 12 3
400.106 194.418 4 15 2
406.107 164.078 4 15 2
395.697 197.255 4 15 2
392.62 200.028 4 15 2
389.832 202.894 4 15 2
386.864 205.673 4 15 2
385.079 204.824 4 15 2
359.319 246.953 4 15 2
347.32 243.196 4 15 2
383.825 217.103 4 15 2
384.692 217.6 4 17 3
384.826 222.067 4 17 3
384.323 226.237 4 17 2
386.134 227.292 4 17 2
385.346 231.356 4 17 2
387.069 232.371 4 17 2
374.559 243.262 4 17 2
387.11 246.368 4 17 2
378.57 250.57 3 17 0
379.69 256.093 3 17 0
377.026 259.117 3 18 1
376.522 268.554 3 18 1
384.76 279.315 3 18 1
357.652 284.489 3 18 1
361.573 303.396 3 18 1
351.614 295.04 3 20 0
370.357 299.691 3 20 0
376.4 299.237 3 20 0
356.103 326.285 3 20 0
367.315 307.876 4 18 2
342.577 308.457 4 18 2
375.854 304.073 4 18 1
378.298 306.138 4 18 1
379.071 306.772 4 18 1
366.728 313.223 4 17 3
367.757 314.071 4 17 3
371.555 317.322 3 20 1
371.489 323.015 3 27 0
376.52 327.388 3 27 0
378.844 329.336 3 27 0
380.365 330.635 3 27 0
383.015 332.921 3 27 0
381.187 337.28 3 27 0
381.564 337.608 3 27 0
386.671 342.098 3 27 0
384.194 339.918 3 27 0
