-262.686 576.444 0 -127 -127
252.254 72.2602 0 -127 -127
250.561 71.7201 0 -127 -127
246.404 72.8952 0 -127 -127
243.849 74.4588 0 -127 -127
241.088 73.6167 0 -127 -127
235.677 74.197 0 -127 -127
231.521 75.1706 0 -127 -127
223.538 84.041 0 -127 -127
215.989 68.0552 0 -127 -127
209.076 69.9192 0 -127 -127
-834.974 879.879 0 -127 -127
-837.728 882.781 0 -127 -127
-848.178 878.314 0 -127 -127
-850.957 881.191 0 -127 -127
-853.04 883.349 0 -127 -127
185.226 158.445 0 -127 -127
195.994 164.453 0 -127 -127
209.38 168.443 0 -127 -127
222.507 155.815 0 -127 -127
215.007 177.097 0 -127 -127
209.877 192.362 0 -127 -127
233.68 202.799 0 -127 -127
231.696 208.453 0 -127 -127
235.322 215.545 0 -127 -127
239.099 227.062 0 -127 -127
240.225 236.143 0 -127 -127
240.876 245.1 0 -127 -127
243.428 251.96 0 -127 -127
240.986 267.53 0 -127 -127
235.015 275.248 0 -127 -127
-900.833 1387.16 0 -127 -127
-912.352 1378.41 0 -127 -127
-904.625 1366.74 0 -127 -127
-892.663 1374.58 0 -127 -127
-864.515 1357.02 0 -127 -127
-862.366 1353.64 0 -127 -127
-845.221 1352.64 0 -127 -127
-846.281 1354.33 0 -127 -127
-851.083 1335.93 0 -127 -127
-815.305 1356.9 0 -127 -127
-809.64 1347.47 0 -127 -127
-780.594 1325.19 0 -127 -127
-766.5 1327.62 0 -127 -127
-745.037 1316.85 0 -127 -127
-740.113 1308.14 0 -127 -127
-709.535 1306.8 0 -127 -127
-704.286 1297.13 0 -127 -127
-679.232 1304.79 0 -127 -127
-1001.05 1541.48 0 -127 -127
-1002.14 1543.15 0 -127 -127
-1015.01 1533.52 0 -127 -127
-1016.67 1536.02 0 -127 -127
-280.956 1773.89 0 -127 -127
-281.426 1776.85 0 -127 -127
-281.113 1774.88 0 -127 -127
-296.26 1770.38 0 -127 -127
-296.426 1771.37 0 -127 -127
-311.525 1766.75 0 -127 -127
-312.393 1771.67 0 -127 -127
-358.264 1760.92 0 -127 -127
-374.657 1762.62 0 -127 -127
-390.024 1759.29 0 -127 -127
-332.086 457.077 0 -127 -127
-348.762 446.388 0 -127 -127
-338.59 466.005 0 -127 -127
-323.753 479.999 0 -127 -127
-324.312 480.828 0 -127 -127
-322.569 487.405 0 -127 -127
-321.767 486.137 0 -127 -127
-319.415 491.864 0 -127 -127
-299.966 519.609 0 -127 -127
-289.124 532.555 0 -127 -127
-285.189 536.372 0 -127 -127
-273.947 549.473 0 -127 -127
-270.473 554.531 0 -127 -127
-262.635 563.254 0 -127 -127
-258.735 567.805 0 -127 -127
-259.979 570.535 0 -127 -127
-255.421 573.685 0 -127 -127
-250.592 576.356 0 -127 -127
-246.909 581.747 0 -127 -127
-242.987 586.645 0 -127 -127
-234.356 594.984 0 -127 -127
-220.937 607.018 0 -127 -127
-212.421 616.929 0 -127 -127
-203.451 626.256 0 -127 -127
-195.138 638.313 0 -127 -127
-190.412 642.868 0 -127 -127
-218.773 635.364 0 -127 -127
-214.156 640.1 0 -127 -127
-188.676 657.847 0 -127 -127
-183.469 661.284 0 -127 -127
-177.694 663.077 0 -127 -127
-171.51 663.181 0 -127 -127
-171.761 664.149 0 -127 -127
-172.626 667.513 0 -127 -127
-167.153 670.451 0 -127 -127
-167.645 672.389 0 -127 -127
-162.342 676.261 0 -127 -127
-157.927 683.978 0 -127 -127
-147.728 694.945 0 -127 -127
-137.204 705.76 0 -127 -127
192.9 8.33923 0 -127 -127
182.353 9.52428 0 -127 -127
179.787 9.38978 0 -127 -127
175.938 9.18058 0 -127 -127
170.518 8.93397 0 -127 -127
167.195 8.77252 0 -127 -127
163.369 8.56763 0 -127 -127
159.443 6.97017 0 -127 -127
153.949 6.76668 0 -127 -127
147.863 5.21586 0 -127 -127
144.866 5.10771 0 -127 -127
137.176 3.62045 0 -127 -127
130.68 3.43289 0 -127 -127
129.3 2.14322e-312 0 -127 -127
127.99 1.12568 0 -127 -127
125.99 1.11695 0 -127 -127
124.49 3.52251e-312 0 -127 -127
122.991 1.07332 0 -127 -127
123.491 1.08205 0 -127 -127
124.99 1.0995 0 -127 -127
125.99 1.12568 0 -127 -127
125.49 1.11695 0 -127 -127
125.99 1.12568 0 -127 -127
126.99 1.14313 0 -127 -127
123 5.41109e-312 0 -127 -127
124.99 1.11695 0 -127 -127
123.99 2.89652e-312 0 -127 -127
122.491 1.08205 0 -127 -127
121.991 1.08205 0 -127 -127
121.491 3.54373e-312 0 -127 -127
121.991 1.08205 0 -127 -127
122.49 3.54373e-312 0 -127 -127
122.49 1.09078 0 -127 -127
122.49 1.0995 0 -127 -127
121.99 3.53312e-312 0 -127 -127
119 0 0 -127 -127
118 0 0 -127 -127
117 0 0 -127 -127
114 0 0 -127 -127
-421.611 1224.45 0 -127 -127
-422.587 1227.28 0 -127 -127
-413.131 1234.72 0 -127 -127
-403.576 1242.08 0 -127 -127
-403.885 1243.03 0 -127 -127
-393.323 1247.46 0 -127 -127
-393.925 1249.37 0 -127 -127
-394.225 1250.32 0 -127 -127
-394.827 1252.23 0 -127 -127
-394.526 1251.28 0 -127 -127
-395.729 1255.09 0 -127 -127
-478.086 780.166 0 -127 -127
-474.429 774.197 0 -127 -127
-473.906 773.345 0 -127 -127
-447.141 759.095 0 -127 -127
-437 756.906 0 -127 -127
-437.498 742.724 0 -127 -127
-429.885 729.8 0 -127 -127
-432.22 719.391 0 -127 -127
-427.404 697.46 0 -127 -127
-422.179 688.933 0 -127 -127
-420.089 685.523 0 -127 -127
-416.431 679.554 0 -127 -127
-417.053 667.375 0 -127 -127
-399.801 665.38 0 -127 -127
-385.729 654.838 0 -127 -127
-382.176 648.807 0 -127 -127
-376.593 639.329 0 -127 -127
-374.056 635.021 0 -127 -127
-370.503 628.989 0 -127 -127
-372.021 619.079 0 -127 -127
-368.913 614.068 0 -127 -127
-374.123 598.722 0 -127 -127
-373.689 586.549 0 -127 -127
-369.655 580.227 0 -127 -127
-360.875 577.521 0 -127 -127
-365.1 573.051 0 -127 -127
-356.768 559.981 0 -127 -127
-342.907 559.681 0 -127 -127
-327.82 545.559 0 -127 -127
-322.909 537.428 0 -127 -127
-318.52 530.149 0 -127 -127
-315.438 525.002 0 -127 -127
-312.34 519.863 0 -127 -127
-308.481 513.433 0 -127 -127
-307.693 502.11 0 -127 -127
-309.537 495.482 0 -127 -127
-306.613 472.158 0 -127 -127
-300.361 462.507 0 -127 -127
-1367.02 353.537 0 -127 -127
-1354.44 350.282 0 -127 -127
-1331.05 356.653 0 -127 -127
-1310.71 388.249 0 -127 -127
-1290.06 394.409 0 -127 -127
-1271.3 400.841 0 -127 -127
-1256.05 396.03 0 -127 -127
-1245.88 404.812 0 -127 -127
-1216.01 430.611 0 -127 -127
-1169.9 437.409 0 -127 -127
-1167.93 413.587 0 -127 -127
-1124.03 431.475 0 -127 -127
-1081.86 448.122 0 -127 -127
-1053.06 446.996 0 -127 -127
-1036.28 450.586 0 -127 -127
-1028.02 446.998 0 -127 -127
-982.013 468.396 0 -127 -127
-945.946 471.631 0 -127 -127
-919.098 458.245 0 -127 -127
-889.672 463.134 0 -127 -127
-845.986 478.636 0 -127 -127
-801.004 481.266 0 -127 -127
-782.724 479.654 0 -127 -127
-767.152 488.675 0 -127 -127
-730.176 501.836 0 -127 -127
-705.7 494.078 0 -127 -127
-670.831 478.499 0 -127 -127
-670.831 478.499 0 -127 -127
-613.565 488.051 0 -127 -127
-595.694 491.052 0 -127 -127
-556.474 492.327 0 -127 -127
-544.359 490.09 0 -127 -127
-507.533 498.776 0 -127 -127
-460.753 502.823 0 -127 -127
-437.355 494.287 0 -127 -127
-414.519 494.005 0 -127 -127
-401.409 478.374 0 -127 -127
-377.732 483.397 0 -127 -127
-328.241 486.622 0 -127 -127
-315.901 486.396 0 -127 -127
-292.015 485.995 0 -127 -127
-274.744 485.609 0 -127 -127
-266.397 480.583 0 -127 -127
-255.614 480.749 0 -127 -127
-244.461 479.791 0 -127 -127
-234.097 479.93 0 -127 -127
-211.91 475.936 0 -127 -127
-189.918 470.064 0 -127 -127
-150.201 462.188 0 -127 -127
-108.762 470.5 0 -127 -127
-86.0179 464.047 0 -127 -127
-78.5821 468.51 0 -127 -127
-52.3643 459.647 0 -127 -127
-205.448 1560.53 0 -127 -127
-190.482 1551.35 0 -127 -127
-189.629 1544.4 0 -127 -127
-188.897 1538.45 0 -127 -127
-188.166 1532.49 0 -127 -127
-160.765 1529.57 0 -127 -127
-158.883 1511.67 0 -127 -127
-157.211 1495.76 0 -127 -127
-156.897 1492.78 0 -127 -127
-169.012 1483.4 0 -127 -127
-180.001 1465.99 0 -127 -127
