4 -112 1.89
4 -112 2.03
4 -112 2.11
4 -112 1.98
4 -112 1.91
4 -112 1.22
4 -112 1.48
4 -112 1.5
4 -112 1.24
4 -112 0.91
4 -112 2.26
4 -112 1.28
4 -112 2.47
4 -112 0.71
4 -112 4.77
4 -112 -2.74
4 -112 -2.66
4 -112 7.12
4 -112 2.28
4 -112 -2.74
4 -112 0.66
4 -112 13.65
4 -112 29.94
4 -112 -7.8
4 -112 15.42
4 -112 5.1
4 -112 0.5
4 -112 -2.41
4 -112 8.3
4 -112 -6.43
4 -112 -6.43
4 -112 41.89
4 -112 44.82
4 -112 -64.03
4 -112 40.12
4 -112 40.12
4 -112 40.12
4 -112 20.47
4 -112 10.91
4 -112 -9.61
4 -112 -3.78
4 -112 6.8
4 -112 6.67
4 -112 6.58
4 -112 7.87
4 -112 7.87
4 -112 6.68
4 -112 6.68
4 -112 -41.78
4 -112 -4.93
4 -112 -10.63
4 -112 -15.11
4 -112 19.58
4 -112 17.99
4 -112 40.17
4 -112 52.94
4 -112 52.94
4 -112 21.93
4 -112 60.35
4 -112 46.07
4 -112 31.56
4 -112 30.73
4 -112 28.79
4 -112 39
4 -112 38.91
4 -112 29.3
4 -112 28.89
2 -112 28.93
2 -112 24.94
2 -114 24.82
2 -114 22.79
2 -116 18.6
2 -116 20.06
2 -116 18.11
2 -115 16.76
2 -115 15.96
2 -115 16.6
2 -115 17.5
2 -114 12.67
2 -114 13.03
2 -119 10.3
2 -119 8.9
2 -119 8.25
2 -119 7.11
2 -119 6.84
2 -119 7.01
2 -119 7.64
4 -111 19.01
4 -111 23.91
4 -112 0.73
4 -112 16.81
4 -112 14.82
4 -112 -17.08
4 -112 -12.28
4 -112 6.48
4 -112 12.23
4 -112 1.03
4 -112 14.57
4 -112 14.54
4 -112 42.62
4 -112 33.67
4 -112 28.3
4 -112 24.61
4 -112 8.69
4 -112 5.82
4 -112 11.77
4 -112 11.3
4 -112 8.31
4 -112 2.24
4 -112 -1.12
4 -112 -1.1
4 -112 -1.96
4 -112 -2.68
4 -112 -2.64
4 -112 -2.64
4 -112 -2.67
4 -112 -0.42
4 -112 9.85
4 -112 12.63
4 -112 18.12
4 -112 32.13
4 -112 59.45
4 -112 15.94
4 -112 42.5
4 -112 26.79
4 -112 0.53
4 -112 0.53
4 -112 -27.01
4 -112 -26.97
4 -112 -14.25
4 -112 -13.55
4 -112 2.68
4 -112 34.49
4 -112 19.77
4 -112 34.73
4 -112 65.28
4 -112 27.96
4 -112 35.43
4 -112 20.92
4 -112 18.11
4 -113 13.21
4 -113 13.34
4 -111 10.26
4 -111 7.93
4 -111 6.56
4 -111 6.42
4 -111 6.41
4 -111 6.51
4 -111 6.59
4 -111 6.88
4 -111 6.65
3 -115 6.67
3 -115 6.64
3 -115 6.76
3 -115 6.83
3 -115 7
4 -116 36.4
4 -116 26.98
4 -114 10.29
4 -114 25.64
4 -113 1.72
4 -113 18.85
4 -113 2.61
4 -113 60.97
4 -112 55.37
4 -112 17.75
4 -112 15.63
4 -112 15.27
4 -112 4.11
4 -112 0.86
4 -112 3.18
4 -112 5.81
4 -112 2.54
4 -112 1.91
4 -112 2.46
4 -112 2.35
4 -112 1.98
4 -112 1.73
4 -112 2.55
4 -112 2.27
4 -112 2.12
4 -112 2.21
4 -112 2.46
4 -112 2.42
4 -112 2.65
4 -112 2.84
4 -112 2.76
4 -112 2.88
4 -112 2.82
4 -112 2.62
4 -112 2.24
4 -112 2.12
4 -112 2.15
4 -112 2.13
4 -112 2.34
4 -112 2.17
4 -112 2.16
4 -112 2.03
4 -112 2.04
4 -112 1.98
4 -112 2.03
4 -112 2.07
4 -112 2.1
4 -112 2.2
4 -112 2.21
4 -112 2.24
4 -112 2.1
4 -112 2.01
4 -112 1.92
4 -112 1.96
4 -112 1.92
4 -112 1.92
4 -112 1.84
4 -112 1.81
4 -112 1.82
4 -112 1.74
4 -112 1.78
4 -112 1.69
4 -112 1.69
4 -112 1.65
4 -112 1.69
4 -112 1.73
4 -112 1.71
4 -112 1.72
4 -112 1.75
4 -112 1.93
4 -112 1.86
4 -112 1.91
4 -112 1.83
4 -112 1.89
4 -112 1.82
4 -112 1.9
4 -112 2.04
4 -112 2.03
4 -112 2.06
4 -112 2.06
4 -112 2.05
4 -112 2
4 -112 1.96
4 -112 1.93
4 -112 1.84
4 -112 1.87
4 -112 1.77
4 -112 1.81
4 -112 1.64
4 -112 1.75
4 -112 1.66
4 -112 2.08
4 -112 1.99
4 -112 2.43
4 -112 2.5
4 -112 2.43
4 -112 2.51
4 -112 2.4
4 -112 2.47
4 -112 2.31
4 -112 1.98
4 -112 2.02
4 -112 2.06
4 -112 1.95
4 -112 1.79
4 -112 1.85
4 -112 1.79
4 -112 1.87
4 -112 1.75
4 -112 1.92
4 -112 1.85
4 -112 1.95
4 -112 2.02
4 -112 2
4 -112 2.07
4 -112 1.98
4 -112 2
4 -112 1.84
4 -112 1.9
4 -112 1.89
4 -112 1.9
4 -112 1.88
4 -112 1.83
4 -112 1.88
4 -112 1.79
4 -112 1.87
4 -112 1.89
4 -112 2.33
4 -112 1.89
4 -112 2.25
4 -112 2.06
4 -112 1.78
4 -112 1.86
4 -112 2.08
4 -112 2.21
4 -112 2.11
4 -112 2.15
4 -112 2.08
4 -112 2.13
4 -112 2.12
4 -112 2.13
4 -112 2.21
4 -112 2.12
4 -112 2.15
4 -112 2.07
4 -112 2.11
4 -112 2.05
4 -112 2.08
4 -112 2.09
4 -112 2.05
4 -112 2.12
4 -112 2.04
4 -112 2.12
4 -112 2.01
4 -112 2.09
4 -112 2.07
4 -112 2.03
4 -112 2.04
4 -112 1.93
4 -112 1.99
4 -112 1.83
4 -112 1.88
4 -112 1.8
4 -112 1.91
4 -112 1.89
4 -112 1.99
4 -112 1.98
4 -112 1.93
4 -112 1.96
4 -112 1.91
4 -112 2
4 -112 1.98
4 -112 1.97
4 -112 1.98
4 -112 2.02
4 -112 2.03
4 -112 1.96
4 -112 1.9
4 -112 1.82
4 -112 1.89
4 -112 1.81
4 -112 1.85
4 -112 1.85
4 -112 1.9
4 -112 1.87
4 -112 1.81
4 -112 1.87
4 -112 1.78
4 -112 1.84
4 -112 1.72
4 -112 1.78
4 -112 1.7
4 -112 1.77
4 -112 1.77
4 -112 1.73
4 -112 1.79
4 -112 1.75
4 -112 1.79
4 -112 1.8
4 -112 1.88
4 -112 1.9
4 -112 1.93
4 -112 1.98
4 -112 1.9
4 -112 1.94
4 -112 1.86
4 -112 1.96
4 -112 1.9
4 -112 1.96
4 -112 2.02
4 -112 2.01
4 -112 2.18
4 -112 2.01
4 -112 2.23
4 -112 2.14
4 -112 2.26
4 -112 2.22
4 -112 2.13
4 -112 2.11
4 -112 2.07
4 -112 2.05
4 -112 1.99
4 -112 2
4 -112 1.92
4 -112 2.07
4 -112 1.83
4 -112 1.85
4 -112 1.85
4 -112 1.88
4 -112 1.94
4 -112 1.87
4 -112 2.01
4 -112 1.93
4 -112 1.93
4 -112 1.82
4 -112 1.84
4 -112 1.85
4 -112 1.93
4 -112 2.04
4 -112 1.97
4 -112 2.02
4 -112 1.98
4 -112 2.01
4 -112 2
4 -112 2.12
4 -112 2.05
4 -112 1.99
4 -112 2.15
4 -112 2
4 -112 2.14
4 -112 2.06
4 -112 2.19
4 -112 2.11
4 -112 2.17
4 -112 2.18
4 -112 2.15
4 -112 2.22
4 -112 2.15
4 -112 2.23
4 -112 2.08
4 -112 2.14
4 -112 1.98
4 -112 1.95
4 -112 1.95
4 -112 1.9
4 -112 2
4 -112 1.82
4 -112 1.95
4 -112 1.91
4 -112 1.93
4 -112 1.91
4 -112 2
4 -112 2.01
4 -112 1.97
4 -112 2
4 -112 1.94
4 -112 2.02
4 -112 1.88
4 -112 2.11
4 -112 2.13
4 -112 2.02
4 -112 1.61
4 -112 1.87
4 -112 1.98
4 -112 2
4 -112 2.07
4 -112 2.02
4 -112 2.09
4 -112 2.01
4 -112 2.07
4 -112 2
4 -112 1.95
4 -112 2
4 -112 1.96
4 -112 2.05
4 -112 1.97
4 -112 2.03
4 -112 1.97
4 -112 2.03
4 -112 2.01
4 -112 1.65
4 -112 2.4
4 -112 1.49
4 -112 1.46
4 -112 3.52
4 -112 6.81
4 -112 2.32
4 -112 2.31
4 -112 2.21
4 -112 2.12
4 -112 2.32
4 -112 2.17
4 -112 2.07
4 -112 4.04
4 -112 7.88
4 -112 25.5
4 -112 27.55
4 -112 17.1
4 -112 36.38
4 -112 18.37
4 -112 -0.91
4 -112 -0.91
4 -112 -0.91
4 -112 -38.52
4 -112 -38.52
4 -112 21.7
4 -112 25.6
4 -112 30.13
4 -112 21.62
3 -113 23.21
3 -113 19.6
3 -110 21.16
3 -110 16.1
3 -111 13.28
3 -111 9.31
2 -112 9.46
2 -112 9.24
2 -112 9.14
2 -112 9.42
2 -112 9.11
2 -112 8.76
2 -112 8.85
2 -112 8.98
2 -112 9.06
2 -112 9.05
2 -112 8.98
2 -112 8.98
2 -112 9
2 -112 9
2 -112 9.02
2 -112 9.11
2 -112 9.03
2 -112 9.12
2 -112 9.05
2 -112 9.09
2 -112 9.03
2 -112 9.01
2 -112 9.03
2 -112 9.05
2 -112 9.11
4 -112 20.46
4 -112 -33.46
4 -112 2.58
4 -112 -8.53
4 -112 27.6
4 -112 -14.33
4 -112 -4.66
4 -112 -6.86
4 -112 -6.01
4 -112 -4.43
4 -112 -3.31
4 -112 -3.38
4 -112 -1.41
4 -112 1.32
4 -112 -6.03
4 -112 -10.46
4 -112 -13.65
4 -112 -18.87
4 -112 -51.45
4 -112 -8.21
4 -112 36.1
4 -112 41.14
4 -112 -10.12
4 -112 -10.12
4 -112 -37.69
4 -112 16.83
4 -112 -2.77
4 -113 -47.63
4 -113 11.18
4 -114 23.47
4 -114 24.1
4 -114 22.94
4 -114 9.31
4 -114 9.02
4 -114 8.17
3 -123 7.52
3 -127 8.4
3 -127 10.18
3 -127 10
3 -127 10.31
3 -127 10.04
3 -127 10.14
2 125 10.21
2 125 10.11
2 125 10.16
2 125 10.22
2 125 10.12
2 125 10.11
2 125 10.04
3 123 10.01
3 123 10.01
3 121 9.93
3 121 9.99
3 121 9.96
3 121 9.93
3 121 9.9
3 121 10
3 121 9.96
3 121 10
3 121 10.05
3 121 10.05
3 121 10.37
3 121 10.87
3 121 10.9
3 121 10.85
3 121 10.85
3 121 10.9
3 121 10.88
3 121 10.9
3 121 10.87
3 121 10.93
3 121 10.9
3 121 10.96
3 110 11.02
3 110 10.93
3 110 11.2
3 110 14.28
3 110 24.07
2 114 20.49
2 114 56.41
4 126 11.93
4 126 -29.89
4 -123 -37
4 -123 -37
4 -118 26.91
4 -118 26.33
4 -116 -58.1
4 -116 -28.01
4 -114 -31.22
4 -113 -29.47
4 -113 50.22
4 -113 40.52
4 -113 -36.49
4 -113 -19.5
4 -113 -29.2
4 -112 -30.48
4 -112 -26.37
4 -112 -29.29
4 -112 -28.52
4 -112 -17.51
4 -112 -13.89
4 -112 -12.62
4 -112 -12.65
4 -112 -12.07
4 -112 -12.85
4 -112 -16.34
4 -112 -16.42
4 -112 -23.33
4 -112 -21.5
4 -112 -21.65
4 -112 -28.02
4 -112 -22.67
4 -112 -19.15
4 -112 -19.35
4 -112 -21.57
4 -112 -34.45
4 -112 -29.76
4 -112 -33.88
4 -112 -31.48
4 -112 -35.33
4 -112 -31.62
4 -112 -26.96
4 -112 -25.78
4 -112 -35.32
4 -112 -34
4 -112 -34.2
4 -112 -34.29
4 -112 -33.49
4 -112 -31.48
4 -112 -26.71
4 -112 -29.62
4 -112 -27.66
4 -112 -25.83
4 -112 -23.2
4 -112 -23.83
4 -112 -25.17
4 -112 -25.9
4 -112 -25.02
4 -112 -24.75
4 -112 -24.43
4 -112 -25.16
4 -112 -25.08
4 -112 -26.09
4 -112 -25.13
4 -112 -24.61
4 -112 -28.34
4 -112 -25.31
4 -112 -25.49
4 -112 -24.61
4 -112 -25.33
4 -112 -25.92
4 -112 -25.95
4 -112 -29.03
4 -112 -24.82
4 -112 -18.5
4 -112 -14.73
4 -112 -11.92
4 -112 -13.5
4 -112 -14.37
4 -112 -10.73
4 -112 -9.39
4 -112 -2.48
4 -112 -5.97
4 -112 0.28
4 -112 -11.91
4 -112 -9.53
4 -112 -9.53
4 -112 32.44
4 -112 47.86
4 -112 47.86
4 -112 23.68
4 -112 28.71
4 -112 39.8
4 -112 40.39
4 -112 35.05
4 -112 22.11
4 -112 11.88
4 -112 11.37
4 -112 9.67
4 -112 9.25
4 -112 8.93
4 -112 7.75
4 -112 7.03
5 -115 7.01
3 -118 7.07
3 -118 6.88
3 -118 6.79
3 -118 7.18
3 -118 7.38
3 -118 6.35
3 -123 6.9
3 -123 5.87
3 -123 6.08
3 -123 5.92
3 -122 5.8
3 -122 5.77
3 -122 5.65
3 -122 5.67
3 -122 5.69
3 -122 5.61
3 -122 5.55
4 -112 -9.48
4 -112 8.99
4 -112 6.49
4 -112 9.98
4 -112 -2.3
4 -112 -5.54
4 -112 -6.45
4 -112 -5.8
4 -112 -6.15
4 -112 -2.78
4 -112 -2.61
4 -112 -4.99
4 -112 -5.31
4 -112 -5.21
4 -112 -5.18
4 -112 -5.39
4 -112 -4.99
4 -112 -5.59
4 -112 -1.92
4 -112 -11.2
4 -112 -3.46
4 -112 -4.35
4 -112 -5.2
4 -112 -5.88
4 -112 -6.27
4 -112 -5.57
4 -112 -5.7
4 -112 -6.05
4 -112 -6.07
4 -112 -5.81
4 -112 -5.87
4 -112 -5.86
4 -112 -5.93
4 -112 -5.96
4 -112 -5.95
4 -112 -6
4 -112 -5.93
4 -112 -6.17
4 -112 -6.18
4 -112 -6.23
4 -112 -5.98
4 -112 -5.7
4 -112 -5.91
4 -112 -5.71
4 -112 -5.52
4 -112 -5.74
4 -112 -6.18
4 -112 -5.84
4 -112 -5.88
4 -112 -5.74
4 -112 -5.83
4 -112 -5.75
4 -112 -5.84
4 -112 -5.9
4 -112 -5.97
4 -112 -6
4 -112 -6.01
4 -112 -6.05
4 -112 -5.92
4 -112 -5.94
4 -112 -5.63
4 -112 -5.68
4 -112 -5.54
4 -112 -5.56
4 -112 -5.48
4 -112 -5.56
4 -112 -5.54
4 -112 -5.6
4 -112 -5.63
4 -112 -5.6
4 -112 -5.66
4 -112 -5.49
4 -112 -5.62
4 -112 -5.51
4 -112 -5.7
4 -112 -5.69
4 -112 -5.78
4 -112 -5.69
4 -112 -5.72
4 -112 -5.63
4 -112 -5.3
4 -112 -5.62
4 -112 -5.67
4 -112 -5.7
4 -112 -5.39
4 -112 -5.65
4 -112 -5.88
4 -112 -5.77
4 -112 -5.84
4 -112 -5.86
4 -112 -6.11
4 -112 -6.12
4 -112 -6.09
4 -112 -5.91
4 -112 -5.92
4 -112 -5.85
4 -112 -5.99
4 -112 -5.83
4 -112 -5.89
4 -112 0
4 -112 0
4 -112 0
4 -112 0
4 -112 0
4 -112 0
4 -112 0
4 -112 0
4 -112 0
4 -112 0
4 -112 0
4 -112 0
4 -112 0
4 -112 0
4 -112 0
4 -112 0
4 -112 0
4 -112 0
4 -112 0
4 -112 0
4 -112 0
4 -112 0
4 -112 0
4 -112 -5.87
4 -112 -5.85
4 -112 -5.8
4 -112 -5.85
4 -112 -5.9
4 -112 -5.81
4 -112 -5.9
4 -112 -5.8
4 -112 -6.02
4 -112 -6.04
4 -112 -5.89
4 -112 -5.99
4 -112 -6.2
4 -112 -10.39
4 -112 -7.16
4 -112 -5.98
4 -112 -5.44
4 -112 -5.93
4 -112 -6.21
4 -112 -6.15
4 -112 -6.35
4 -112 -6.26
4 -112 -6.21
4 -112 -6.13
4 -112 -6.34
4 -112 -5.87
4 -112 -6.13
4 -112 -6.26
4 -112 -6.54
4 -112 -6.54
4 -112 -6.11
4 -112 -6.35
4 -112 -6.13
4 -112 -6.13
4 -112 -5.94
4 -112 -6.16
4 -112 -6.28
4 -112 -6.13
4 -112 -5.93
4 -112 -5.92
4 -112 -6.19
4 -112 -6.64
4 -112 -6.41
4 -112 -6.39
4 -112 -6.31
4 -112 -6.61
4 -112 -6.15
4 -112 -7.09
4 -112 -6.47
4 -112 -6.75
4 -112 -6.67
4 -112 -6.19
4 -112 -6.38
4 -112 -6.26
4 -112 -6.35
4 -112 -6.05
4 -112 -6.53
4 -112 -6.71
4 -112 -6.35
4 -112 -6.28
4 -112 -6.65
4 -112 -6.25
4 -112 -6.33
4 -112 -6.42
4 -112 -6.78
4 -112 -6.38
4 -112 -6.46
4 -112 -6.78
4 -112 -6.78
4 -112 -6.43
4 -112 -6.62
4 -112 -6.71
4 -112 -7.17
4 -112 -7.2
4 -112 -6.61
4 -112 -6.43
4 -112 -7.36
4 -112 -7.12
4 -112 -6.64
4 -112 -7.31
4 -112 -6.39
4 -112 -7.26
4 -112 -7.07
4 -112 -6.97
4 -112 -6.8
4 -112 -6.97
4 -112 -6.9
4 -112 -6.73
4 -112 -6.77
4 -112 -6.57
4 -112 -6.64
4 -112 -6.42
4 -112 -6.51
4 -112 -6.52
4 -112 -6.8
4 -112 -6.63
4 -112 -6.84
4 -112 -6.42
4 -112 -6.6
4 -112 -6.61
4 -112 -6.61
4 -112 -6.74
4 -112 -6.74
4 -112 -6.7
4 -112 -6.77
4 -112 -6.63
4 -112 -6.87
4 -112 -6.39
4 -112 -6.97
4 -112 -6.4
4 -112 -6.52
4 -112 -6.5
4 -112 -6.64
4 -112 -6.34
4 -112 -6.72
4 -112 -6.47
4 -112 -6.71
4 -112 -7.14
4 -112 -6.6
4 -112 -6.53
4 -112 -6.78
4 -112 -6.6
4 -112 -6.94
4 -112 -6.81
4 -112 -6.62
4 -112 -6.79
4 -112 -7.31
4 -112 -6.79
4 -112 -6.88
4 -112 -6.58
4 -112 -9.46
4 -112 -4.76
4 -112 -4.73
4 -112 -6.89
4 -112 -6.49
4 -112 -6.7
4 -112 -6.32
4 -112 -6.3
4 -112 -6.43
4 -112 -6.54
4 -112 -6.55
4 -112 -6.34
4 -112 -6.68
4 -112 -6.54
4 -112 -6.35
4 -112 -6.3
4 -112 -6.48
4 -112 -6.82
4 -112 -6.79
4 -112 -6.73
4 -112 -6.69
4 -112 -6.71
4 -112 -6.78
4 -112 -6.79
4 -112 -6.9
4 -112 -6.7
4 -112 -6.66
4 -112 -6.49
4 -112 -6.7
4 -112 -6.49
4 -112 -6.33
4 -112 -6.39
4 -112 -6.32
4 -112 -6.36
4 -112 -6.21
4 -112 -6.32
4 -112 -6.3
4 -112 -6.15
4 -112 -6.36
4 -112 -6.29
4 -112 -6.38
4 -112 -6.34
4 -112 -6.46
4 -112 -6.51
4 -112 -6.28
4 -112 -6.43
4 -112 -6.35
4 -112 -6.48
4 -112 -6.25
4 -112 -6.29
4 -112 -6.31
4 -112 -6.52
4 -112 -6.72
4 -112 -6.53
4 -112 -6.59
4 -112 -6.5
4 -112 -6.6
4 -112 -6.65
4 -112 -6.81
4 -112 -6.83
4 -112 -6.27
4 -112 -6.76
4 -112 -6.49
4 -112 -6.65
4 -112 -6.65
4 -112 -6.97
4 -112 -6.6
4 -112 -6.6
4 -112 -6.5
4 -112 -6.58
4 -112 -6.48
4 -112 -6.74
4 -112 -6.73
4 -112 -6.42
4 -112 -6.58
4 -112 -6.73
4 -112 -6.41
4 -112 -6.76
4 -112 -6.72
4 -112 -6.68
4 -112 -6.53
4 -112 -6.66
4 -112 -6.52
4 -112 -6.3
4 -112 -6.47
4 -112 -6.01
4 -112 -6.49
4 -112 -6.3
4 -112 -6.39
4 -112 -6.51
4 -112 -6.44
4 -112 -6.5
4 -112 -6.76
4 -112 -6.74
4 -112 -6.98
4 -112 -6.82
4 -112 -6.81
4 -112 -6.82
4 -112 -6.75
4 -112 -6.58
4 -112 -6.66
4 -112 -6.77
4 -112 -6.47
4 -112 -6.64
4 -112 -6.57
4 -112 -6.78
4 -112 -6.51
4 -112 -6.58
4 -112 -6.48
4 -112 -6.36
4 -112 -6.61
4 -112 -6.49
4 -112 -6.7
4 -112 -6.72
4 -112 -7
4 -112 -6.95
4 -112 -6.71
4 -112 -6.72
4 -112 -6.92
4 -112 -6.8
4 -112 -6.6
4 -112 -6.58
4 -112 -7.16
4 -112 -6.82
4 -112 -6.87
4 -112 -7
4 -112 -7.06
4 -112 -7.04
4 -112 -7.08
4 -112 -6.99
4 -112 -6.78
4 -112 -6.71
4 -112 -6.33
4 -112 -6.47
4 -112 -6.27
4 -112 -6.65
4 -112 -6.3
4 -112 -6.72
4 -112 -6.66
4 -112 -6.89
4 -112 -6.61
4 -112 -6.5
4 -112 -6.76
4 -112 -6.39
4 -112 -6.7
4 -112 -6.35
4 -112 -6.46
4 -112 -6.52
4 -112 -6.58
4 -112 -6.61
4 -112 -6.5
4 -112 -6.57
4 -112 -6.48
4 -112 -6.58
4 -112 -6.53
4 -112 -6.54
4 -112 -6.53
4 -112 -6.47
4 -112 -6.56
4 -112 -6.46
4 -112 -6.54
4 -112 -6.41
4 -112 -6.47
4 -112 -6.39
4 -112 -6.35
4 -112 -6.4
4 -112 -6.31
4 -112 -6.41
4 -112 -6.34
4 -112 -6.43
4 -112 -6.35
4 -112 -6.38
4 -112 -6.37
4 -112 -6.31
4 -112 -6.39
4 -112 -6.29
4 -112 -6.34
4 -112 -6.24
4 -112 -6.3
4 -112 -6.28
4 -112 -6.25
4 -112 -6.3
4 -112 -6.27
4 -112 -6.36
4 -112 -6.23
4 -112 -6.29
4 -112 -6.24
4 -112 -6.37
4 -112 -6.41
4 -112 -6.42
4 -112 -6.37
4 -112 -6.32
4 -112 -6.59
4 -112 -6.55
4 -112 -6.3
4 -112 -6.36
4 -112 -6.46
4 -112 -6.38
4 -112 -6.32
4 -112 -6.56
4 -112 -6.63
4 -112 -6.61
4 -112 -6.26
4 -112 -6.17
4 -112 -6.51
4 -112 -6.37
4 -112 -6.77
4 -112 -6.3
4 -112 -6.18
4 -112 -6.4
4 -112 -6.71
4 -112 -6.43
4 -112 -6.51
4 -112 -6.19
4 -112 -6.46
4 -112 -6.37
4 -112 -6.3
4 -112 -6.38
4 -112 -6.32
4 -112 -6.42
4 -112 -6.41
4 -112 -6.56
4 -112 -6.56
4 -112 -6.46
4 -112 -6.45
4 -112 -6.62
4 -112 -6.43
4 -112 -6.07
4 -112 -6.5
4 -112 -6.5
4 -112 -6.82
4 -112 -6.53
4 -112 -6.7
4 -112 -6.7
4 -112 -7.17
4 -112 -7.12
4 -112 4.33
4 -112 6.25
4 -112 -6.29
4 -112 22.94
4 -112 4.39
4 -112 11.77
4 -112 14.63
4 -112 28.09
4 -112 29.76
4 -112 26.74
4 -112 14.19
4 -112 17.98
4 -112 39.23
4 -112 39.23
4 -112 37.85
4 -112 43.5
4 -112 24
4 -112 37.3
4 -112 26.17
4 -112 26.67
4 -112 9.25
4 -112 21.25
4 -112 21.25
4 -112 46.92
4 -112 -35.68
4 -112 -35.68
4 -112 50.06
4 -112 50.06
4 -112 11.3
4 -112 22.74
4 -112 26.15
4 -112 23.66
4 -112 47.95
4 -112 22.91
4 -112 18.12
4 -112 20.28
4 -112 14.98
4 -112 22.73
4 -112 21.92
4 -112 -2.72
4 -112 33.31
4 -112 6.37
4 -112 5.92
4 -112 0.95
4 -112 0
4 -112 27.63
4 -112 5.89
4 -112 9.65
4 -112 -39.85
4 -112 31.05
4 -112 40.5
4 -112 34.84
4 -112 39.34
4 -112 -1.89
4 -112 -23.04
4 -112 -7.81
4 -112 -5.15
4 -112 16.82
4 -112 16.29
4 -112 10.99
4 -112 15.36
4 -112 18.6
4 -112 24.03
4 -112 30.08
4 -112 9.77
4 -112 -10.33
4 -112 17.92
4 -112 27.31
4 -112 37.57
4 -112 -34.15
4 -112 23.38
4 -112 28.89
4 -112 34.11
4 -112 19.72
4 -112 25.23
4 -112 21.79
4 -112 15.25
4 -112 7.14
4 -112 20.73
4 -112 -10.59
4 -112 -36.22
4 -112 -34.32
4 -112 -31.45
4 -112 -35.97
4 -112 -34.53
4 -112 -34.13
4 -112 -22.73
4 -112 -12.49
4 -112 -38.17
4 -112 12.62
4 -112 16.47
4 -112 -64.02
4 -112 50.65
4 -112 11.44
4 -112 20.9
4 -112 11.85
4 -112 9.66
4 -112 12.81
4 -112 22.88
4 -112 66.13
4 -112 26.25
4 -112 21.92
4 -112 41.96
4 -112 42.52
4 -112 36.98
4 -112 36.14
4 -112 33.52
4 -112 33.52
4 -112 -38.83
4 -112 -52.1
4 -112 -55.8
4 -112 -31.67
4 -112 -17.66
4 -112 13.68
4 -112 29.58
4 -112 26.93
4 -112 29.27
4 -112 20.21
4 -112 19.53
4 -112 19.75
4 -112 -7.76
4 -112 17.71
4 -112 -1.18
4 -112 10.18
4 -112 6.31
4 -112 6.31
4 -112 9.51
4 -112 41.1
4 -112 14.57
4 -112 24.94
4 -112 27.95
4 -115 28.09
4 -115 26.16
4 -115 22.66
4 -115 22.44
4 -115 29.05
4 -115 29.98
4 -115 30.27
4 -115 27.96
4 -115 22.49
4 -115 19.64
4 -115 17.91
4 -115 17.34
4 -115 16.17
4 -115 11.75
4 -115 12.84
4 -115 11.95
4 -115 11.56
4 -115 10.09
3 -120 9.51
3 -120 9.13
3 -124 8.87
3 -124 8.45
3 -127 8.6
3 -127 8.69
3 123 9
3 123 9.06
3 123 8.81
3 124 8.58
3 124 8.88
3 120 8.93
3 120 8.59
3 115 8.61
3 115 8.19
3 115 8.54
3 115 8.36
3 115 8.42
3 115 8.29
3 101 8.45
3 98 8.5
3 98 8.35
3 96 8.45
3 96 8.56
3 94 8.61
3 94 8.7
3 92 8.39
3 92 8.43
3 91 8.63
3 91 8.65
3 91 8.49
3 89 8.44
3 89 8.49
3 87 8.39
3 87 8.36
3 88 8.51
3 88 8.31
3 88 8.55
3 88 8.57
2 88 8.37
2 88 7.98
2 88 8.2
2 88 8.28
2 88 8.31
2 88 8.34
2 88 8.35
2 88 8.44
2 88 8.36
2 88 8.45
2 88 8.28
2 88 8.34
2 88 8.36
2 88 8.27
4 117 -11.53
4 117 -11.53
4 128 19.32
4 -121 42.54
4 -121 9.04
4 -118 9.04
4 -118 16.73
4 -115 26.67
4 -115 29.32
4 -114 12.54
4 -114 15.58
4 -113 17.23
4 -113 14.33
4 -113 17.57
4 -112 8.79
4 -112 4.25
4 -112 9.35
4 -112 16.33
4 -112 14.92
4 -112 -12.73
4 -112 8.38
4 -112 6.74
4 -112 6.34
4 -112 -56.1
4 -112 11.54
4 -112 12.26
4 -112 13
4 -112 13.95
4 -112 13.88
4 -112 13.54
4 -112 14.3
4 -112 16.49
4 -112 15.4
4 -112 34.48
4 -112 45.63
4 -112 63.48
4 -112 60.31
4 -112 -12.81
4 -112 -9.31
4 -112 -17.05
4 -112 -4.26
4 -112 18.4
4 -112 6.39
4 -112 9.78
4 -112 33.56
4 -112 38.21
4 -112 40.64
4 -112 32.63
4 -112 20.87
4 -112 5.96
4 -112 34.49
4 -112 24.62
4 -112 17.67
4 -112 14.65
4 -112 -24.65
4 -112 -64.52
4 -112 16.89
4 -112 14.4
4 -112 10.36
4 -112 7.02
4 -112 6.62
4 -112 12.92
4 -112 12.92
4 -112 -0.9
4 -112 -2.56
4 -112 -1.53
4 -112 -1.68
4 -112 -1.67
4 -112 -1.59
4 -112 -1.31
4 -112 -0.91
4 -112 -0.98
4 -112 -0.66
4 -112 -0.92
4 -112 -0.79
4 -112 -0.73
4 -112 -0.69
4 -112 -0.6
4 -112 -0.35
4 -112 -0.66
4 -112 -0.49
4 -112 -0.47
4 -112 -0.47
4 -112 -0.71
4 -112 -0.8
4 -112 -0.79
4 -112 -0.93
4 -112 -0.97
4 -112 -1.05
4 -112 -1.1
4 -112 -1.06
4 -112 -1.01
4 -112 -0.85
4 -112 -0.98
4 -112 -0.82
4 -112 -0.79
4 -112 -1.05
4 -112 -1.1
4 -112 -1.07
4 -112 -0.98
4 -112 -0.68
4 -112 -0.93
4 -112 -0.67
4 -112 -0.44
4 -112 -0.49
4 -112 -0.58
4 -112 -0.66
4 -112 -0.77
4 -112 -0.52
4 -112 -0.71
4 -112 -0.82
4 -112 -0.87
4 -112 -0.98
4 -112 -1.04
4 -112 -1.01
4 -112 -1.06
4 -112 -1.04
4 -112 -0.94
4 -112 -0.97
4 -112 -1.11
4 -112 -1.11
4 -112 -1.24
4 -112 -1.2
4 -112 -1.14
4 -112 -1.21
4 -112 -1.14
4 -112 -1.14
4 -112 -1.16
4 -112 -1.19
4 -112 -1.19
4 -112 -1.1
4 -112 -1.11
4 -112 -1.09
4 -112 -1.07
4 -112 -1
4 -112 -0.92
4 -112 -0.89
4 -112 -0.87
4 -112 -0.83
4 -112 -0.72
4 -112 -0.46
4 -112 -0.17
4 -112 -0.25
4 -112 -1.12
4 -112 -0.39
4 -112 -0.09
4 -112 -0.38
4 -112 -0.77
4 -112 -0.86
4 -112 -0.6
4 -112 -0.7
4 -112 -0.65
4 -112 -0.64
4 -112 -0.76
4 -112 -0.87
4 -112 -0.95
4 -112 -1.03
4 -112 -1.25
4 -112 -1.37
4 -112 -1.18
4 -112 -1.25
4 -112 -1.24
4 -112 -1.54
4 -112 -0.7
4 -112 -1.26
4 -112 -1.15
4 -112 -0.7
4 -112 -0.79
4 -112 -0.88
4 -112 -1.01
4 -112 -1.12
4 -112 -0.85
4 -112 -0.58
4 -112 -0.49
4 -112 -0.64
4 -112 -0.76
4 -112 -0.77
4 -112 -1.09
4 -112 -1.08
4 -112 -1.02
4 -112 -1.03
4 -112 -0.85
4 -112 -0.39
4 -112 -0.45
4 -112 -0.01
4 -112 -0.05
4 -112 -0.14
4 -112 -0.3
4 -112 -0.55
4 -112 -0.5
4 -112 -0.55
4 -112 -0.36
4 -112 0.06
4 -112 0.48
4 -112 0.21
4 -112 0.48
4 -112 0.12
4 -112 -0.24
4 -112 -0.01
4 -112 -0.08
4 -112 0.76
4 -112 -0.01
4 -112 -0.78
4 -112 -1.27
4 -112 -1.06
4 -112 -1.09
4 -112 -0.97
4 -112 -0.44
4 -112 -0.69
4 -112 -0.8
4 -112 -1.1
4 -112 -1.23
4 -112 -1.39
4 -112 -1.12
4 -112 -0.84
4 -112 -0.46
4 -112 -0.45
4 -112 -0.25
4 -112 -0.19
4 -112 0.06
4 -112 0.38
4 -112 0.46
4 -112 0.58
4 -112 0.35
4 -112 0.65
4 -112 0.08
4 -112 0.12
4 -112 -0.13
4 -112 0.11
4 -112 0.24
4 -112 0.14
4 -112 0.04
4 -112 0.07
4 -112 0.09
4 -112 0.08
4 -112 0.22
4 -112 0.38
4 -112 0.42
4 -112 0.04
4 -112 -0.16
4 -112 -0.19
4 -112 -0.18
4 -112 0.36
4 -112 0.33
4 -112 0.43
4 -112 0.12
4 -112 0.19
4 -112 0.16
4 -112 -0.16
4 -112 -0.21
4 -112 -0.34
4 -112 -0.32
4 -112 -0.63
4 -112 -0.77
4 -112 -0.78
4 -112 -0.78
4 -112 -0.57
4 -112 -0.08
4 -112 0.17
4 -112 0.45
4 -112 0.65
4 -112 0.49
4 -112 0.54
4 -112 0.67
4 -112 0.83
4 -112 0.88
4 -112 0.76
4 -112 0.62
4 -112 0.63
4 -112 0.56
4 -112 0.52
4 -112 0.54
4 -112 0.5
4 -112 0.53
4 -112 0.49
4 -112 0.46
4 -112 0.14
4 -112 0.22
4 -112 0.07
4 -112 0
4 -112 0.29
4 -112 0.44
4 -112 0.51
4 -112 0.33
4 -112 0.44
4 -112 0.42
4 -112 0.17
4 -112 -0.93
4 -112 -1.2
4 -112 -0.38
4 -112 -0.35
4 -112 -0.11
4 -112 0.06
4 -112 -0.17
4 -112 -0.47
4 -112 -0.45
4 -112 -0.48
4 -112 -0.44
4 -112 -0.46
4 -112 -0.49
4 -112 -0.54
4 -112 -0.51
4 -112 -0.46
4 -112 -0.57
4 -112 -0.5
4 -112 -0.55
4 -112 -0.6
4 -112 -0.52
4 -112 -0.47
4 -112 -0.43
4 -112 -0.44
4 -112 -0.42
4 -112 -0.51
4 -112 -0.66
4 -112 -0.64
4 -112 -0.66
4 -112 -0.67
4 -112 -0.79
4 -112 -0.94
4 -112 -0.96
4 -112 -0.38
4 -112 -0.83
4 -112 -0.6
4 -112 -0.61
4 -112 -0.83
4 -112 -0.8
4 -112 -0.74
4 -112 -0.68
4 -112 -0.77
4 -112 -0.66
4 -112 -0.45
4 -112 -0.46
4 -112 -0.71
4 -112 -0.78
4 -112 -0.75
4 -112 -0.56
4 -112 -1
4 -112 -0.58
4 -112 -0.9
4 -112 -1.82
4 -112 -1.37
4 -112 -0.54
4 -112 -0.35
4 -112 -0.01
4 -112 -0.09
4 -112 -0.39
4 -112 -0.63
4 -112 -0.72
4 -112 -0.68
4 -112 -0.49
4 -112 -0.24
4 -112 -0.03
4 -112 0.06
4 -112 0.1
4 -112 0.12
4 -112 0.02
4 -112 -0.04
4 -112 -0.18
4 -112 -0.12
4 -112 -0.11
4 -112 -0.19
4 -112 -0.08
4 -112 -0.08
4 -112 0.03
4 -112 -0.27
4 -112 -0.43
4 -112 -0.64
4 -112 -0.69
4 -112 -0.94
4 -112 -0.85
4 -112 -0.92
4 -112 -0.85
4 -112 -0.27
4 -112 -0.85
4 -112 -0.94
4 -112 -0.81
4 -112 -1.12
4 -112 -0.75
4 -112 -0.32
4 -112 -0.46
4 -112 -0.96
4 -112 -0.71
4 -112 -0.95
4 -112 -0.72
4 -112 -0.68
4 -112 -0.86
4 -112 -0.78
4 -112 -0.74
4 -112 -0.62
4 -112 -0.57
4 -112 -0.48
4 -112 -0.73
4 -112 -0.51
4 -112 -0.34
4 -112 -0.57
4 -112 -0.82
4 -112 -0.76
4 -112 -0.69
4 -112 -0.83
4 -112 -0.34
4 -112 -0.45
4 -112 -0.97
4 -112 -0.39
4 -112 -0.73
4 -112 -0.34
4 -112 -0.28
4 -112 -0.28
4 -112 -0.27
4 -112 -0.19
4 -112 -0.1
4 -112 -0.06
4 -112 0
4 -112 0.11
4 -112 0.01
4 -112 0.02
4 -112 0.06
4 -112 -0.04
4 -112 -0.03
4 -112 0.02
4 -112 -0.25
4 -112 -0.26
4 -112 -0.43
4 -112 -0.55
4 -112 -0.71
4 -112 -0.82
4 -112 -0.69
4 -112 -0.6
4 -112 -0.58
4 -112 -0.66
4 -112 -0.74
4 -112 -0.77
4 -112 -0.75
4 -112 -0.73
4 -112 -0.45
4 -112 -0.64
4 -112 -0.31
4 -112 -0.33
4 -112 -0.08
4 -112 -0.65
4 -112 -1.05
4 -112 -1.31
4 -112 -0.99
4 -112 -0.79
4 -112 0.36
4 -112 -0.04
4 -112 -0.95
4 -112 -0.99
4 -112 -0.35
4 -112 -0.64
4 -112 0.13
4 -112 0.5
4 -112 -0.15
4 -112 -0.49
4 -112 -0.3
4 -112 -0.42
4 -112 -0.9
4 -112 -1.18
4 -112 -1.04
4 -112 -1.09
4 -112 -1
4 -112 -0.7
4 -112 -0.71
4 -112 -0.69
4 -112 -0.62
4 -112 -0.53
4 -112 -0.39
4 -112 -0.57
4 -112 -0.46
4 -112 -0.44
4 -112 -0.53
4 -112 -0.76
4 -112 -0.68
4 -112 -0.53
4 -112 -0.62
4 -112 -0.68
4 -112 -0.68
4 -112 -0.66
4 -112 -0.76
4 -112 -0.73
4 -112 -0.66
4 -112 -0.58
4 -112 -0.56
4 -112 -0.58
4 -112 -0.58
4 -112 -0.63
4 -112 -0.74
4 -112 -1.06
4 -112 -1.08
4 -112 -0.94
4 -112 -0.58
4 -112 -0.51
4 -112 -0.43
4 -112 -0.33
4 -112 -0.45
4 -112 -0.47
4 -112 -0.5
4 -112 -0.54
4 -112 -0.78
4 -112 -0.66
4 -112 -0.28
4 -112 0.26
4 -112 0.14
4 -112 0.3
4 -112 0.16
4 -112 -0.08
4 -112 -0.33
4 -112 -0.36
4 -112 -0.33
4 -112 -0.37
4 -112 -0.29
4 -112 -0.34
4 -112 -0.27
4 -112 -0.15
4 -112 -0.08
4 -112 -0.1
4 -112 -0.08
4 -112 -0.02
4 -112 0.04
4 -112 0.11
4 -112 0.08
4 -112 0.1
4 -112 0.06
4 -112 0.13
4 -112 0.03
4 -112 -0.15
4 -112 -0.16
4 -112 -0.07
4 -112 -0.1
4 -112 -0.29
4 -112 -0.34
4 -112 -0.38
4 -112 -0.29
4 -112 -0.37
4 -112 -0.35
4 -112 -0.4
4 -112 -0.52
4 -112 -0.57
4 -112 -0.6
4 -112 -0.5
4 -112 -0.47
4 -112 -0.38
4 -112 -0.3
4 -112 -0.13
4 -112 -0.06
4 -112 -0.05
4 -112 -0.05
4 -112 -0.04
4 -112 -0.08
4 -112 -0.08
4 -112 0.03
4 -112 0.04
4 -112 -0.06
4 -112 -0.07
4 -112 -0.07
4 -112 0.04
4 -112 0.02
4 -112 0.09
4 -112 0.06
4 -112 0.05
4 -112 0.05
4 -112 -0.03
4 -112 -0.1
4 -112 -0.06
4 -112 -0.07
4 -112 0.01
4 -112 0.01
4 -112 0.07
4 -112 0.12
4 -112 0.24
4 -112 0.11
4 -112 0
4 -112 -0.06
4 -112 -0.11
4 -112 -0.04
4 -112 -0.06
4 -112 -0.13
4 -112 -0.1
4 -112 -0.04
4 -112 0.01
4 -112 -0.12
4 -112 -0.02
4 -112 0.22
4 -112 0.18
4 -112 -0.12
4 -112 -0.93
4 -112 -0.93
4 -112 -0.65
4 -112 -0.25
4 -112 -0.41
4 -112 -0.21
4 -112 -0.57
4 -112 -0.94
4 -112 -0.41
4 -112 -0.4
4 -112 -0.48
4 -112 -0.19
4 -112 -0.53
4 -112 0.02
4 -112 -0.46
4 -112 -0.95
4 -112 -0.36
4 -112 -0.47
4 -112 -0.88
4 -112 -1.06
4 -112 -0.84
4 -112 -0.74
4 -112 -0.76
4 -112 -1.03
4 -112 -0.61
4 -112 -0.54
4 -112 -0.76
4 -112 -0.53
4 -112 -0.74
4 -112 -0.73
4 -112 -0.75
4 -112 -0.71
4 -112 -0.67
4 -112 -0.55
4 -112 -0.59
4 -112 -0.53
4 -112 -0.73
4 -112 -0.77
4 -112 -0.5
4 -112 -0.48
4 -112 -0.57
4 -112 -0.64
4 -112 -0.76
4 -112 -0.78
4 -112 -0.83
4 -112 -0.99
4 -112 -0.76
4 -112 -0.7
4 -112 -0.61
4 -112 -0.64
4 -112 -0.53
4 -112 -0.56
4 -112 -0.6
4 -112 -0.7
4 -112 -0.66
4 -112 -0.62
4 -112 -0.59
4 -112 -0.64
4 -112 -0.7
4 -112 -0.65
4 -112 -0.59
4 -112 -0.55
4 -112 -0.69
4 -112 -0.73
4 -112 -0.79
4 -112 -0.87
4 -112 -0.85
4 -112 -0.67
4 -112 -0.64
4 -112 -0.71
4 -112 -0.83
4 -112 -0.88
4 -112 -0.83
4 -112 -0.76
4 -112 -0.61
4 -112 -0.6
4 -112 -0.69
4 -112 -0.74
4 -112 -0.7
4 -112 -0.92
4 -112 -0.92
4 -112 -0.96
4 -112 -0.44
4 -112 -0.71
4 -112 -0.52
4 -112 -0.41
4 -112 -0.91
4 -112 -0.65
4 -112 -0.79
4 -112 -0.58
4 -112 -0.96
4 -112 -0.85
4 -112 -0.63
4 -112 -0.15
4 -112 -1.18
4 -112 -0.17
4 -112 -0.92
4 -112 -0.87
4 -112 -0.67
4 -112 -0.69
4 -112 -0.52
4 -112 -0.39
4 -112 -0.32
4 -112 -0.53
4 -112 -0.62
4 -112 -0.7
4 -112 -0.65
4 -112 -0.5
4 -112 -0.54
4 -112 -0.42
4 -112 -0.4
4 -112 -0.27
4 -112 -0.35
4 -112 -0.31
4 -112 -0.2
4 -112 -0.36
4 -112 -0.1
4 -112 -0.19
4 -112 -0.17
4 -112 -0.1
4 -112 -0.22
4 -112 -0.36
4 -112 -0.35
4 -112 -0.26
4 -112 -0.39
4 -112 -0.45
4 -112 -0.36
4 -112 -0.28
4 -112 -0.36
4 -112 -0.23
4 -112 -0.24
4 -112 -0.24
4 -112 -0.16
4 -112 -0.26
4 -112 -0.25
4 -112 -0.35
4 -112 -0.41
4 -112 -0.42
4 -112 -0.36
4 -112 -0.33
4 -112 -0.21
4 -112 -0.15
4 -112 -0.03
4 -112 -0.06
4 -112 -0.23
4 -112 -0.26
4 -112 -0.26
4 -112 -0.27
4 -112 -0.28
4 -112 -0.27
4 -112 -0.27
4 -112 -0.33
4 -112 -0.25
4 -112 -0.2
4 -112 0.05
4 -112 -0.41
4 -112 -0.8
4 -112 -0.63
4 -112 -0.55
4 -112 -0.57
4 -112 -0.55
4 -112 -0.09
4 -112 0.08
4 -112 -0.21
4 -112 -0.43
4 -112 -0.33
4 -112 -0.09
4 -112 -0.29
4 -112 -0.44
4 -112 -0.36
4 -112 -0.3
4 -112 -0.4
4 -112 -0.26
4 -112 -0.16
4 -112 -0.49
4 -112 -0.54
4 -112 -0.41
4 -112 -0.17
4 -112 -0.22
4 -112 -0.42
4 -112 -0.42
4 -112 -0.38
4 -112 -0.33
4 -112 -0.45
4 -112 -0.34
4 -112 -0.55
4 -112 -0.37
4 -112 -0.36
4 -112 -0.34
4 -112 -0.04
4 -112 0.06
4 -112 -0.01
4 -112 -0.07
4 -112 -0.09
4 -112 -0.07
4 -112 -0.1
4 -112 -0.13
4 -112 -0.16
4 -112 -0.16
4 -112 -0.21
4 -112 -0.22
4 -112 -0.21
4 -112 -0.26
4 -112 -0.25
4 -112 -0.33
4 -112 -0.33
4 -112 -0.33
4 -112 -0.24
4 -112 -0.28
4 -112 -0.3
4 -112 -0.42
4 -112 -0.35
4 -112 -0.4
4 -112 -0.39
4 -112 -0.43
4 -112 -0.43
4 -112 -0.44
4 -112 -0.48
4 -112 -0.49
4 -112 -0.48
4 -112 -0.5
4 -112 -0.52
4 -112 -0.51
4 -112 -0.59
4 -112 -0.56
4 -112 -0.57
4 -112 -0.58
4 -112 -0.55
4 -112 -0.56
4 -112 -0.65
4 -112 -0.71
4 -112 -0.73
4 -112 -0.74
4 -112 -0.69
4 -112 -0.64
4 -112 -0.6
4 -112 -0.51
4 -112 -0.43
4 -112 -0.38
4 -112 -0.3
4 -112 -0.3
4 -112 -0.37
4 -112 -0.41
4 -112 -0.37
4 -112 -0.35
4 -112 -0.33
4 -112 -0.3
4 -112 -0.22
4 -112 -0.34
4 -112 -0.64
4 -112 -0.59
4 -112 -0.16
4 -112 -0.74
4 -112 -0.67
4 -112 0.04
4 -112 -1.93
4 -112 -0.41
4 -112 -0.83
4 -112 0.04
4 -112 -0.21
4 -112 -0.76
4 -112 -0.75
4 -112 -0.3
4 -112 -0.27
4 -112 -0.43
4 -112 -0.4
4 -112 -0.16
4 -112 -0.53
4 -112 -0.58
4 -112 -0.24
4 -112 -0.54
4 -112 -0.61
4 -112 -0.38
4 -112 -0.53
4 -112 -0.73
4 -112 -0.72
4 -112 -0.37
4 -112 -0.4
4 -112 -0.39
4 -112 -0.73
4 -112 -0.77
4 -112 -0.83
4 -112 -0.65
4 -112 -0.56
4 -112 -0.47
4 -112 -0.35
4 -112 -0.24
4 -112 -0.25
4 -112 -0.29
4 -112 -0.37
4 -112 -0.32
4 -112 -0.36
4 -112 -0.37
4 -112 -0.4
4 -112 -0.43
4 -112 -0.46
4 -112 -0.46
4 -112 -0.48
4 -112 -0.49
4 -112 -0.48
4 -112 -0.5
4 -112 -0.48
4 -112 -0.51
4 -112 -0.46
4 -112 -0.5
4 -112 -0.48
4 -112 -0.49
4 -112 -0.51
4 -112 -0.49
4 -112 -0.56
4 -112 -0.56
4 -112 -0.61
4 -112 -0.56
4 -112 -0.6
4 -112 -0.63
4 -112 -0.68
4 -112 -0.66
4 -112 -0.67
4 -112 -0.68
4 -112 -0.65
4 -112 -0.68
4 -112 -0.68
4 -112 -0.74
4 -112 -0.77
4 -112 -0.67
4 -112 -0.48
4 -112 -0.48
4 -112 -0.5
4 -112 -0.44
4 -112 -0.51
4 -112 -0.55
4 -112 -0.47
4 -112 -0.54
4 -112 -0.49
4 -112 -0.51
4 -112 -0.59
4 -112 -0.51
4 -112 -0.57
4 -112 -0.52
4 -112 -0.54
4 -112 -0.62
4 -112 -0.5
4 -112 -0.57
4 -112 -0.48
4 -112 -0.52
4 -112 -0.51
4 -112 -0.47
4 -112 -0.52
4 -112 -0.45
4 -112 -0.45
4 -112 -0.54
4 -112 -0.46
4 -112 -0.57
4 -112 -0.55
4 -112 -0.65
4 -112 -0.66
4 -112 -0.67
4 -112 -0.66
4 -112 -0.53
4 -112 -0.63
4 -112 -0.53
4 -112 -0.63
4 -112 -0.61
4 -112 -0.48
4 -112 -0.6
4 -112 -0.55
4 -112 -0.61
4 -112 -0.61
4 -112 -0.56
4 -112 -0.63
4 -112 -0.57
4 -112 -0.61
4 -112 -0.69
4 -112 -0.41
4 -112 -0.68
4 -112 -0.64
4 -112 -0.65
4 -112 -0.57
4 -112 -0.59
4 -112 -0.6
4 -112 -0.53
4 -112 -0.67
4 -112 -0.74
4 -112 -0.72
4 -112 -0.79
4 -112 -0.83
4 -112 -0.8
4 -112 -0.83
4 -112 -0.81
4 -112 -0.61
4 -112 -0.67
4 -112 -0.54
4 -112 -0.4
4 -112 -0.23
4 -112 -0.2
4 -112 -0.31
4 -112 -0.45
4 -112 -0.41
4 -112 -0.36
4 -112 -0.52
4 -112 -0.49
4 -112 -0.58
4 -112 -0.44
4 -112 -0.6
4 -112 -0.67
4 -112 -0.61
4 -112 -0.61
4 -112 -0.68
4 -112 -0.57
4 -112 -0.49
4 -112 -0.91
4 -112 -0.68
4 -112 -0.59
4 -112 -0.4
4 -112 -0.63
4 -112 -0.59
4 -112 -0.37
4 -112 -0.41
4 -112 -0.43
4 -112 -0.52
4 -112 -0.69
4 -112 -0.66
4 -112 -0.5
4 -112 -0.49
4 -112 -0.51
4 -112 -0.81
4 -112 -0.7
4 -112 -0.7
4 -112 -0.64
4 -112 -0.66
4 -112 -0.64
4 -112 -0.66
4 -112 -0.67
4 -112 -0.66
4 -112 -0.88
4 -112 -0.89
4 -112 -0.86
4 -112 -0.69
4 -112 -0.65
4 -112 -0.65
4 -112 -0.52
4 -112 -0.51
4 -112 -0.46
4 -112 -0.38
4 -112 -0.42
4 -112 -0.42
4 -112 -0.48
4 -112 -0.42
4 -112 -0.42
4 -112 -0.38
4 -112 -0.36
4 -112 -0.3
4 -112 -0.4
4 -112 -0.26
4 -112 -0.26
4 -112 -0.24
4 -112 -0.39
4 -112 -0.4
4 -112 -0.45
4 -112 -0.45
4 -112 -0.39
4 -112 -0.42
4 -112 -0.42
4 -112 -0.36
4 -112 -0.32
4 -112 -0.32
4 -112 -0.35
4 -112 -0.37
4 -112 -0.41
4 -112 -0.39
4 -112 -0.44
4 -112 -0.4
4 -112 -0.46
4 -112 -0.46
4 -112 -0.39
4 -112 -0.28
4 -112 -0.23
4 -112 -0.26
4 -112 -0.23
4 -112 -0.23
4 -112 -0.28
4 -112 -0.21
4 -112 -0.23
4 -112 -0.27
4 -112 -0.26
4 -112 -0.31
4 -112 -0.28
4 -112 -0.33
4 -112 -0.37
4 -112 -0.36
4 -112 -0.47
4 -112 -0.47
4 -112 -0.54
4 -112 -0.47
4 -112 -0.68
4 -112 -0.78
4 -112 -0.58
4 -112 -0.56
4 -112 -0.59
4 -112 -0.6
4 -112 -0.47
4 -112 -0.45
4 -112 -0.46
4 -112 -0.44
4 -112 -0.55
4 -112 -0.5
4 -112 -0.49
4 -112 -0.45
4 -112 -0.51
4 -112 -0.5
4 -112 -0.5
4 -112 -0.5
4 -112 -0.45
4 -112 -0.45
4 -112 -0.37
4 -112 -0.44
4 -112 -0.39
4 -112 -0.37
4 -112 -0.37
4 -112 -0.35
4 -112 -0.39
4 -112 -0.39
4 -112 -0.4
4 -112 -0.42
4 -112 -0.38
4 -112 -0.3
4 -112 -0.37
4 -112 -0.34
4 -112 -0.32
4 -112 -0.28
4 -112 -0.3
4 -112 -0.32
4 -112 -0.22
4 -112 -0.26
4 -112 -0.15
4 -112 -0.24
4 -112 -0.22
4 -112 -0.27
4 -112 -0.29
4 -112 -0.37
4 -112 -0.39
4 -112 -0.33
4 -112 -0.41
4 -112 -0.46
4 -112 -0.46
4 -112 -0.46
4 -112 -0.39
4 -112 -0.38
4 -112 -0.29
4 -112 -0.33
4 -112 -0.41
4 -112 -0.39
4 -112 -0.47
4 -112 -0.37
4 -112 -0.6
4 -112 -0.61
4 -112 -0.46
4 -112 -0.67
4 -112 -0.57
4 -112 -0.68
4 -112 -1.1
4 -112 -0.42
4 -112 -0.8
4 -112 -1.17
4 -112 -0.88
4 -112 1
4 -112 -0.47
4 -112 -1.13
4 -112 -0.22
4 -112 -0.48
4 -112 -0.25
4 -112 -0.02
4 -112 -0.28
4 -112 -0.46
4 -112 -0.51
4 -112 -0.88
4 -112 -0.48
4 -112 -0.54
4 -112 -0.5
4 -112 -0.3
4 -112 0.19
4 -112 -0.95
4 -112 -0.47
4 -112 0.56
4 -112 0.37
4 -112 0.3
4 -112 -0.08
4 -112 0.06
4 -112 0.06
4 -112 -0.03
4 -112 -0.21
4 -112 0.29
4 -112 0.01
4 -112 -0.24
4 -112 -0.34
4 -112 -0.23
4 -112 -0.39
4 -112 0.14
4 -112 0.01
4 -112 0.39
4 -112 -0.27
4 -112 -0.14
4 -112 -0.09
4 -112 -0.1
4 -112 -0.02
4 -112 -0.14
4 -112 -0.11
4 -112 -0.14
4 -112 -0.63
4 -112 -0.16
4 -112 -0.74
4 -112 0.14
4 -112 -0.47
4 -112 -0.22
4 -112 0.51
4 -112 -0.11
4 -112 -0.7
4 -112 -0.24
4 -112 -0.2
4 -112 -0.01
4 -112 -0.06
4 -112 -1.03
4 -112 -1.09
4 -112 -0.78
4 -112 -0.56
4 -112 -1.18
4 -112 -0.43
4 -112 -0.24
4 -112 -0.66
4 -112 -0.81
4 -112 -1.04
4 -112 -1.04
4 -112 -0.75
4 -112 -0.59
4 -112 -0.83
4 -112 -0.87
4 -112 -0.78
4 -112 -0.58
4 -112 -0.66
4 -112 -0.67
4 -112 -0.82
4 -112 -0.68
4 -112 -0.77
4 -112 -0.79
4 -112 -0.76
4 -112 -0.8
4 -112 -0.67
4 -112 -0.67
4 -112 -0.62
4 -112 -0.66
4 -112 -0.68
4 -112 -0.7
4 -112 -0.74
4 -112 -0.67
4 -112 -0.77
4 -112 -0.58
4 -112 -0.55
4 -112 -0.57
4 -112 -0.53
4 -112 -0.57
4 -112 -0.5
4 -112 -0.52
4 -112 -0.45
4 -112 -0.54
4 -112 -0.44
4 -112 -0.45
4 -112 -0.43
4 -112 -0.38
4 -112 -0.42
4 -112 -0.37
4 -112 -0.46
4 -112 -0.5
4 -112 -0.5
4 -112 -0.49
4 -112 -0.49
4 -112 -0.54
4 -112 -0.45
4 -112 -0.57
4 -112 -0.51
4 -112 -0.55
4 -112 -0.56
4 -112 -0.53
4 -112 -0.61
4 -112 -0.58
4 -112 -0.71
4 -112 -0.58
4 -112 -0.67
4 -112 -0.61
4 -112 -0.61
4 -112 -0.58
4 -112 -0.59
4 -112 -0.72
4 -112 -0.59
4 -112 -0.67
4 -112 -0.53
4 -112 -0.58
4 -112 -0.51
4 -112 -0.58
4 -112 -0.66
4 -112 -0.63
4 -112 -0.76
4 -112 -0.6
4 -112 -0.72
4 -112 -0.62
4 -112 -0.76
4 -112 -0.68
4 -112 -0.66
4 -112 -0.71
4 -112 -0.66
4 -112 -0.74
4 -112 -0.65
4 -112 -0.69
4 -112 -0.63
4 -112 -0.78
4 -112 -0.8
4 -112 -0.6
4 -112 -0.53
4 -112 -0.41
4 -112 -0.62
4 -112 -0.54
4 -112 -0.52
4 -112 -0.61
4 -112 -0.66
4 -112 -0.47
4 -112 -0.05
4 -112 -0.56
4 -112 -0.59
4 -112 -0.86
4 -112 -0.62
4 -112 -0.59
4 -112 -0.97
4 -112 -0.67
4 -112 -0.8
4 -112 -0.73
4 -112 -0.82
4 -112 -0.79
4 -112 -0.63
4 -112 -0.99
4 -112 -0.67
4 -112 -1.01
4 -112 -1.11
4 -112 -0.97
4 -112 -0.74
4 -112 -0.55
4 -112 -0.69
4 -112 -0.88
4 -112 -0.83
4 -112 -0.9
4 -112 -1.16
4 -112 -0.82
4 -112 -0.87
4 -112 -0.9
4 -112 -0.48
4 -112 -0.64
4 -112 -0.67
4 -112 -0.94
4 -112 -0.87
4 -112 -0.06
4 -112 0.17
4 -112 0.02
4 -112 -0.07
4 -112 -0.37
4 -112 0.07
4 -112 -0.03
4 -112 0.24
4 -112 0.51
4 -112 0.38
4 -112 0.46
4 -112 0
4 -112 -0.01
4 -112 -0.16
4 -112 -0.22
4 -112 -0.46
4 -112 -0.63
4 -112 -0.7
4 -112 -0.87
4 -112 -0.49
4 -112 -0.35
4 -112 -0.62
4 -112 -0.54
4 -112 -0.29
4 -112 -0.46
4 -112 -0.58
4 -112 -0.53
4 -112 -0.47
4 -112 -0.75
4 -112 -0.76
4 -112 -0.68
4 -112 -0.4
4 -112 -0.34
4 -112 -0.34
4 -112 -0.75
4 -112 -0.81
4 -112 -0.68
4 -112 -0.24
4 -112 -0.52
4 -112 -0.34
4 -112 -0.67
4 -112 -0.52
4 -112 -0.35
4 -112 -0.49
4 -112 -0.53
4 -112 -0.17
4 -112 -0.02
4 -112 -0.32
4 -112 -0.4
4 -112 -0.58
4 -112 -0.57
4 -112 -0.47
4 -112 -0.41
4 -112 -0.44
4 -112 -0.25
4 -112 -0.27
4 -112 -0.53
4 -112 -0.58
4 -112 -0.56
4 -112 -0.54
4 -112 -0.57
4 -112 -0.61
4 -112 -0.66
4 -112 -0.62
4 -112 -0.61
4 -112 -0.73
4 -112 -0.76
4 -112 -0.45
4 -112 -0.4
4 -112 -0.44
4 -112 -0.43
4 -112 -0.44
4 -112 -0.32
4 -112 -0.09
4 -112 -0.37
4 -112 -0.47
4 -112 -0.32
4 -112 -0.45
4 -112 -0.34
4 -112 -0.34
4 -112 -0.45
4 -112 -0.49
4 -112 -0.44
4 -112 -0.42
4 -112 -0.23
4 -112 -0.18
4 -112 -0.23
4 -112 -0.44
4 -112 -0.79
4 -112 -0.72
4 -112 -0.72
4 -112 -0.44
4 -112 -0.49
4 -112 -0.33
4 -112 -0.52
4 -112 -0.85
4 -112 -0.61
4 -112 -0.67
4 -112 -0.66
4 -112 -0.44
4 -112 -0.31
4 -112 -0.33
4 -112 -0.11
4 -112 -0.12
4 -112 -0.1
4 -112 -0.17
4 -112 -0.37
4 -112 -0.16
4 -112 -0.25
4 -112 -0.14
4 -112 -0.12
4 -112 -0.26
4 -112 -0.27
4 -112 -0.38
4 -112 -0.15
4 -112 -0.24
4 -112 -0.05
4 -112 -0.21
4 -112 -0.34
4 -112 -0.29
4 -112 -0.44
4 -112 -0.53
4 -112 -0.4
4 -112 -0.45
4 -112 -0.34
4 -112 -0.16
4 -112 0.05
4 -112 0.05
4 -112 -0.44
4 -112 -0.73
4 -112 -0.61
4 -112 -0.44
4 -112 -0.57
4 -112 -0.46
4 -112 -0.46
4 -112 -0.5
4 -112 -0.29
4 -112 -0.87
4 -112 -0.13
4 -112 -0.31
4 -112 0.04
4 -112 -0.17
4 -112 -0.35
4 -112 -0.67
4 -112 -0.73
4 -112 -0.56
4 -112 -0.37
4 -112 -0.46
4 -112 -0.69
4 -112 -0.65
4 -112 -0.5
4 -112 -0.7
4 -112 -0.6
4 -112 -0.44
4 -112 -0.24
4 -112 -0.04
4 -112 -0.19
4 -112 -0.17
4 -112 -0.19
4 -112 0.02
4 -112 0.05
4 -112 0.02
4 -112 -0.05
4 -112 0
4 -112 -0.03
4 -112 -0.13
4 -112 -0.1
4 -112 -0.06
4 -112 -0.07
4 -112 0.04
4 -112 -0.09
4 -112 -0.25
4 -112 -0.43
4 -112 -0.22
4 -112 -0.21
4 -112 -0.12
4 -112 0.07
4 -112 0.33
4 -112 -0.84
4 -112 -0.63
4 -112 -0.6
4 -112 -0.56
4 -112 -0.56
4 -112 -0.5
4 -112 -0.39
4 -112 -0.28
4 -112 -0.1
4 -112 -0.06
4 -112 0.01
4 -112 -0.07
4 -112 -0.13
4 -112 -0.05
4 -112 0.04
4 -112 0.14
4 -112 0.17
4 -112 0.21
4 -112 0.17
4 -112 0.12
4 -112 -0.09
4 -112 -0.2
4 -112 -0.46
4 -112 -0.65
4 -112 -0.69
4 -112 -0.64
4 -112 -0.63
4 -112 -0.65
4 -112 -0.61
4 -112 -0.66
4 -112 -0.68
4 -112 -0.56
4 -112 -0.63
4 -112 -0.48
4 -112 -0.54
4 -112 -0.45
4 -112 -0.39
4 -112 -0.43
4 -112 -0.49
4 -112 -0.68
4 -112 -0.6
4 -112 -0.47
4 -112 -0.53
4 -112 -0.56
4 -112 -0.56
4 -112 -0.62
4 -112 -0.56
4 -112 -0.56
4 -112 -0.57
4 -112 -0.55
4 -112 -0.64
4 -112 -0.59
4 -112 -0.69
4 -112 -0.64
4 -112 -0.64
4 -112 -0.62
4 -112 -0.61
4 -112 -0.77
4 -112 -0.81
4 -112 -0.84
4 -112 -0.84
4 -112 -0.82
4 -112 -0.66
4 -112 0.08
4 -112 -0.43
4 -112 -0.77
4 -112 -0.53
4 -112 -0.61
4 -112 -0.32
4 -112 -0.54
4 -112 -0.17
4 -112 -0.18
4 -112 -0.19
4 -112 -0.33
4 -112 -0.7
4 -112 -0.2
4 -112 -0.34
4 -112 -0.44
4 -112 -0.55
4 -112 -0.58
4 -112 -0.54
4 -112 -0.82
4 -112 -0.58
4 -112 -0.32
4 -112 -0.51
4 -112 -0.51
4 -112 -0.77
4 -112 -0.48
4 -112 -0.33
4 -112 -0.93
4 -112 -0.81
4 -112 -0.46
4 -112 -0.54
4 -112 -0.81
4 -112 -0.58
4 -112 -1.02
4 -112 -0.45
4 -112 -0.69
4 -112 -0.27
4 -112 -0.42
4 -112 -0.83
4 -112 -0.45
4 -112 -0.78
4 -112 -1.08
4 -112 -0.19
4 -112 -0.31
4 -112 0.21
4 -112 0.05
4 -112 -0.82
4 -112 -0.8
4 -112 0.09
4 -112 -0.58
4 -112 -0.7
4 -112 -0.49
4 -112 -0.76
4 -112 -0.81
4 -112 -0.66
4 -112 -0.61
4 -112 -0.55
4 -112 -0.05
4 -112 -0.09
4 -112 -0.47
4 -112 -0.46
4 -112 -0.34
4 -112 0
4 -112 -0.23
4 -112 -0.07
4 -112 -0.43
4 -112 -0.66
4 -112 -1.01
4 -112 -0.82
4 -112 -0.75
4 -112 -0.62
4 -112 -0.53
4 -112 -0.28
4 -112 -0.12
4 -112 -0.28
4 -112 -0.41
4 -112 -0.62
4 -112 -0.74
4 -112 -0.68
4 -112 -0.59
4 -112 -0.57
4 -112 -0.66
4 -112 -0.74
4 -112 -0.71
4 -112 -0.7
4 -112 -0.68
4 -112 -0.6
4 -112 -0.58
4 -112 -0.64
4 -112 -0.65
4 -112 -0.67
4 -112 -0.73
4 -112 -0.67
4 -112 -0.42
4 -112 -0.43
4 -112 -0.15
4 -112 -0.29
4 -112 -0.34
4 -112 -0.27
4 -112 -0.29
4 -112 -0.17
4 -112 -0.09
4 -112 0.06
4 -112 0.11
4 -112 -0.06
4 -112 -0.33
4 -112 -0.31
4 -112 -0.19
4 -112 -0.31
4 -112 -0.35
4 -112 -0.35
4 -112 -0.45
4 -112 -0.6
4 -112 -0.7
4 -112 -0.66
4 -112 -0.64
4 -112 -0.26
4 -112 -0.06
4 -112 -0.29
4 -112 -0.33
4 -112 -0.2
4 -112 -0.33
4 -112 -0.28
4 -112 -0.28
4 -112 -0.26
4 -112 -0.15
4 -112 0.23
4 -112 -0.14
4 -112 0.26
4 -112 0.33
4 -112 0.41
4 -112 -0.13
4 -112 0.09
4 -112 0.03
4 -112 0.02
4 -112 -0.18
4 -112 -0.24
4 -112 -0.11
4 -112 0.01
4 -112 0.09
4 -112 0.07
4 -112 0.32
4 -112 -0.13
4 -112 -0.13
4 -112 -0.2
4 -112 -0.11
4 -112 -0.08
4 -112 -0.12
4 -112 -0.02
4 -112 -0.15
4 -112 -0.16
4 -112 -0.24
4 -112 -0.32
4 -112 -0.38
4 -112 -0.43
4 -112 -0.42
4 -112 -0.5
4 -112 -0.4
4 -112 -0.46
4 -112 -0.41
4 -112 -0.36
4 -112 -0.21
4 -112 0.04
4 -112 -0.16
4 -112 -0.28
4 -112 0.13
4 -112 0.2
4 -112 0.17
4 -112 0.36
4 -112 0.19
4 -112 0.17
4 -112 0.19
4 -112 0.12
4 -112 -0.04
4 -112 -0.18
4 -112 -0.3
4 -112 -0.09
4 -112 0.05
4 -112 -0.41
4 -112 -0.1
4 -112 -0.05
4 -112 0.24
4 -112 -0.33
4 -112 -0.02
4 -112 0.33
4 -112 -0.17
4 -112 -0.23
4 -112 0.18
4 -112 0.57
4 -112 -0.62
4 -112 -0.18
4 -112 0.69
4 -112 0.26
4 -112 0.57
4 -112 -0.23
4 -112 -0.12
4 -112 -0.82
4 -112 -0.31
4 -112 -0.71
4 -112 -0.25
4 -112 -0.99
4 -112 -0.42
4 -112 -1.01
4 -112 0.42
4 -112 -0.64
4 -112 -1.16
4 -112 -0.84
4 -112 -0.67
4 -112 -0.57
4 -112 -0.36
4 -112 -0.4
4 -112 -0.2
4 -112 -0.14
4 -112 -0.03
4 -112 0.22
4 -112 0.18
4 -112 0.24
4 -112 0.11
4 -112 0.07
4 -112 -0.02
4 -112 -0.66
4 -112 -0.64
4 -112 -0.04
4 -112 0.22
4 -112 -0.08
4 -112 -0.15
4 -112 -0.08
4 -112 -0.05
4 -112 0.09
4 -112 -0.27
4 -112 -0.27
4 -112 -0.17
4 -112 -0.18
4 -112 -0.3
4 -112 -0.31
4 -112 -0.26
4 -112 -0.38
4 -112 -0.33
4 -112 -0.48
4 -112 -0.55
4 -112 -0.58
4 -112 -0.44
4 -112 -0.34
4 -112 -0.38
4 -112 -0.38
4 -112 -0.46
4 -112 -0.32
4 -112 -0.4
4 -112 -0.47
4 -112 -0.39
4 -112 -0.45
4 -112 -0.39
4 -112 -0.56
4 -112 -0.36
4 -112 -0.37
4 -112 -0.35
4 -112 -0.26
4 -112 -0.27
4 -112 -0.28
4 -112 -0.4
4 -112 -0.47
4 -112 -0.49
4 -112 -0.38
4 -112 -0.48
4 -112 -0.37
4 -112 -0.28
4 -112 -0.15
4 -112 0.05
4 -112 -0.27
4 -112 -0.3
4 -112 -0.41
4 -112 -0.63
4 -112 -0.58
4 -112 -0.26
4 -112 -0.26
4 -112 -0.31
4 -112 -0.28
4 -112 -0.35
4 -112 -0.36
4 -112 -0.52
4 -112 -0.33
4 -112 -0.7
4 -112 -0.86
4 -112 -0.85
4 -112 -0.83
4 -112 -0.87
4 -112 -0.87
4 -112 -0.92
4 -112 -0.88
4 -112 -0.88
4 -112 -0.94
4 -112 -0.88
4 -112 -0.75
4 -112 -0.72
4 -112 -0.68
4 -112 -0.72
4 -112 -0.77
4 -112 -0.71
4 -112 -0.78
4 -112 -0.64
4 -112 -0.5
4 -112 -0.21
4 -112 -0.31
4 -112 -0.64
4 -112 -0.7
4 -112 -0.68
4 -112 -1.12
4 -112 -0.06
4 -112 -0.43
4 -112 -0.6
4 -112 -0.46
4 -112 -0.99
4 -112 -1.15
4 -112 -0.23
4 -112 -1.37
4 -112 -1.57
4 -112 -0.21
4 -112 -0.83
4 -112 -0.15
4 -112 -0.58
4 -112 -0.39
4 -112 0.18
4 -112 -0.5
4 -112 -0.36
4 -112 -0.75
4 -112 0.26
4 -112 0.18
4 -112 -0.31
4 -112 -0.37
4 -112 -0.91
4 -112 -0.87
4 -112 -0.99
4 -112 -0.46
4 -112 -0.94
4 -112 -1.16
4 -112 -1.24
4 -112 -0.09
4 -112 -0.59
4 -112 0.22
4 -112 -0.12
4 -112 -0.96
4 -112 -1.21
4 -112 -1.93
4 -112 -2.1
4 -112 -2.27
4 -112 -2.18
4 -112 -1.84
4 -112 -2.51
4 -112 -2.14
4 -112 -1.9
4 -112 -2.41
4 -112 -1.78
4 -112 -1.41
4 -112 -1.9
4 -112 -2.36
4 -112 -2.52
4 -112 -2.41
4 -112 -2.41
4 -112 -2.49
4 -112 -2.31
4 -112 -2.16
4 -112 -2.03
4 -112 -1.9
4 -112 -1.32
4 -112 -1.42
4 -112 -1.47
4 -112 -1.16
4 -112 -1.16
4 -112 -0.09
4 -112 0.28
4 -112 0.24
4 -112 0.27
4 -112 0.02
4 -112 -0.46
4 -112 -0.69
4 -112 -0.51
4 -112 -0.44
4 -112 -0.53
4 -112 -0.71
4 -112 -0.83
4 -112 -0.69
4 -112 -0.72
4 -112 -0.56
4 -112 0.55
4 -112 0.74
4 -112 0.47
4 -112 0.54
4 -112 0.64
4 -112 0.68
4 -112 0.63
4 -112 0.65
4 -112 0.72
4 -112 0.76
4 -112 0.77
4 -112 0.71
4 -112 0.59
4 -112 0.6
4 -112 0.58
4 -112 0.47
4 -112 0.45
4 -112 0.53
4 -112 0.67
4 -112 0.65
4 -112 0.64
4 -112 0.57
4 -112 0.44
4 -112 0.32
4 -112 0.27
4 -112 0.4
4 -112 0.4
4 -112 0.54
4 -112 0.45
4 -112 0.44
4 -112 0.18
4 -112 0.34
4 -112 0.66
4 -112 0.65
4 -112 0.79
4 -112 0.75
4 -112 0.52
4 -112 0.43
4 -112 0.28
4 -112 0.38
4 -112 0.58
4 -112 0.58
4 -112 0.59
4 -112 0.57
4 -112 0.55
4 -112 0.48
4 -112 0.47
4 -112 0.58
4 -112 0.72
4 -112 0.66
4 -112 0.65
4 -112 0.71
4 -112 0.73
4 -112 0.62
4 -112 0.45
4 -112 0.44
4 -112 0.09
4 -112 0.1
4 -112 0.1
4 -112 -0.02
4 -112 -0.02
4 -112 -0.03
4 -112 0.04
4 -112 0.11
4 -112 0.23
4 -112 0.34
4 -112 0.08
4 -112 -0.08
4 -112 -0.08
4 -112 0.06
4 -112 0.05
4 -112 0.01
4 -112 -0.16
4 -112 -0.11
4 -112 -0.12
4 -112 -0.12
4 -112 0.03
4 -112 -0.2
4 -112 -0.37
4 -112 -0.29
4 -112 -0.09
4 -112 -0.17
4 -112 0.08
4 -112 0.13
4 -112 -0.45
4 -112 -0.22
4 -112 -0.81
4 -112 -1.04
4 -112 -1.03
4 -112 -1.08
4 -112 -1.33
4 -112 -1.52
4 -112 -1.46
4 -112 0.42
4 -112 0.54
4 -112 0.56
4 -112 0.65
4 -112 0.42
4 -112 -0.07
4 -112 -0.3
4 -112 -0.51
4 -112 -0.67
4 -112 -0.96
4 -112 -0.85
4 -112 -0.83
4 -112 -0.87
4 -112 -1.17
4 -112 -1.14
4 -112 -0.89
4 -112 -0.42
4 -112 -0.57
4 -112 -0.6
4 -112 -0.97
4 -112 -1.65
4 -112 -1.67
4 -112 -1.69
4 -112 -1.61
4 -112 -1.96
4 -112 -2.22
4 -112 -2.22
4 -112 -1.09
4 -112 -2.27
4 -112 -3.06
4 -112 -1.92
4 -112 -1.08
4 -112 -2.18
4 -112 -1.93
4 -112 -1.31
4 -112 -2.16
4 -112 -2.07
4 -112 -2.43
4 -112 -2.25
4 -112 -1.57
4 -112 -1.43
4 -112 -1.47
4 -112 -1.84
4 -112 -2.93
4 -112 -2.52
4 -112 -2.71
4 -112 -2.57
4 -112 -2.46
4 -112 -2.43
4 -112 -3.54
4 -112 -1.95
4 -112 -2.48
4 -112 -6.2
4 -112 -4.09
4 -112 1.16
4 -112 -2.38
4 -112 -2.68
4 -112 -2.17
4 -112 -2.18
4 -112 -1.4
4 -112 -1.14
4 -112 -1.78
4 -112 -1.87
4 -112 -1.79
4 -112 -2.12
4 -112 -1.93
4 -112 -2.64
4 -112 -2.31
4 -112 -2.61
4 -112 -2.84
4 -112 -2.68
4 -112 -2.54
4 -112 -2.43
4 -112 -2.18
4 -112 -2.11
4 -112 -2.18
4 -112 -2.35
4 -112 -2.38
4 -112 -2.58
4 -112 -2.59
4 -112 -2.71
4 -112 -2.57
4 -112 -2.66
4 -112 -2.66
4 -112 -2.57
4 -112 -2.63
4 -112 -2.52
4 -112 -2.6
4 -112 -2.74
4 -112 -2.69
4 -112 -2.73
4 -112 -2.66
4 -112 -2.68
4 -112 -2.7
4 -112 -2.88
4 -112 -2.69
4 -112 -2.73
4 -112 -2.76
4 -112 -2.33
4 -112 -2.02
4 -112 -4.04
4 -112 -16.06
4 -112 -17.03
4 -112 -2.86
4 -112 1
4 -112 -2.39
4 -112 -4.16
4 -112 -1.82
4 -112 -4.74
4 -112 -3.73
4 -112 -2.56
4 -112 -2.42
4 -112 -2.52
4 -112 -2.43
4 -112 -2.38
4 -112 -2.35
4 -112 -2.47
4 -112 -2.61
4 -112 -1.55
4 -112 -2.18
4 -112 -2.51
4 -112 -2.52
4 -112 -2.2
4 -112 -2
4 -112 -2.41
4 -112 -2.6
4 -112 -2.61
4 -112 -2.38
4 -112 -2.33
4 -112 -2.24
4 -112 -2.22
4 -112 -2.25
4 -112 -2.17
4 -112 -2.15
4 -112 -2.16
4 -112 -2.31
4 -112 -2.46
4 -112 -2.56
4 -112 -2.61
4 -112 -2.6
4 -112 -2.43
4 -112 -2.46
4 -112 -2.54
4 -112 -2.66
4 -112 -2.53
4 -112 -2.4
4 -112 -2.61
4 -112 -2.88
4 -112 -2.99
4 -112 -2.95
4 -112 -2.9
4 -112 -2.83
4 -112 -2.81
4 -112 -2.81
4 -112 -2.15
4 -112 -2.55
4 -112 -2.05
4 -112 -2.49
4 -112 -1.9
4 -112 -2.32
4 -112 -3.12
4 -112 -3.39
4 -112 -3.06
4 -112 -3.13
4 -112 -1.47
4 -112 -2.17
4 -112 -3.32
4 -112 -1.61
4 -112 -1.49
4 -112 -2.01
4 -112 -2.23
4 -112 -2.4
4 -112 -2.49
4 -112 -2.89
4 -112 -4.22
4 -112 -4.12
4 -112 -4.17
4 -112 -4.28
4 -112 -4.1
4 -112 -3.29
4 -112 -3.05
4 -112 -2.6
4 -112 -3.26
4 -112 -1.75
4 -112 -2.4
4 -112 -3.44
4 -112 -1.4
4 -112 -1.27
4 -112 -1.63
4 -112 -1.64
4 -112 -1.32
4 -112 -1.4
4 -112 -1.85
4 -112 -3.26
4 -112 -3.86
4 -112 -3.87
4 -112 -3.93
4 -112 -3.8
4 -112 -3.54
4 -112 -3.46
4 -112 -3.18
4 -112 -2.93
4 -112 -2.92
4 -112 -2.77
4 -112 -2.88
4 -112 -2.82
4 -112 -2.84
4 -112 -2.81
4 -112 -2.74
4 -112 -2.62
4 -112 -2.68
4 -112 -2.52
4 -112 -2.48
4 -112 -2.49
4 -112 -2.53
4 -112 -2.53
4 -112 -2.49
4 -112 -2.33
4 -112 -2.1
4 -112 -1.95
4 -112 -1.86
4 -112 -1.6
4 -112 -1.76
4 -112 -2.08
4 -112 -2.23
4 -112 -2.17
4 -112 -2.35
4 -112 -2.43
4 -112 -2.41
4 -112 -2.46
4 -112 -2.41
4 -112 -2.55
4 -112 -2.68
4 -112 -2.7
4 -112 -2.72
4 -112 -2.59
4 -112 -2.5
4 -112 -2.41
4 -112 -2.49
4 -112 -2.5
4 -112 -2.61
4 -112 -2.61
4 -112 -2.66
4 -112 -2.41
4 -112 -2.48
4 -112 -2.42
4 -112 -2.6
4 -112 -2.83
4 -112 -2.81
4 -112 -2.82
4 -112 -2.69
4 -112 -2.75
4 -112 -2.88
4 -112 -3.04
4 -112 -2.81
4 -112 -3.27
4 -112 -3.54
4 -112 -0.13
4 -112 -3.39
4 -112 -2.97
4 -112 -2.48
4 -112 -1.74
4 -112 -2.52
4 -112 -3.84
4 -112 -3.41
4 -112 -3.15
4 -112 -3.19
4 -112 -3.26
4 -112 -3.98
4 -112 -3.77
4 -112 -3.73
4 -112 -3.5
4 -112 -3.26
4 -112 -3.17
4 -112 -3.26
4 -112 -3.51
4 -112 -3.56
4 -112 -4.11
4 -112 -3.26
4 -112 -3.72
4 -112 -3.8
4 -112 -3.37
4 -112 -4.12
4 -112 -3.6
4 -112 -3.73
4 -112 -3.45
4 -112 -4.3
4 -112 -3.19
4 -112 -2.18
4 -112 -2.31
4 -112 -4.85
4 -112 -2.6
4 -112 -3.56
4 -112 -5.5
4 -112 -4.43
4 -112 -4.15
4 -112 -3.89
4 -112 -3.72
4 -112 -3.26
4 -112 -3.31
4 -112 -2.02
4 -112 -3.21
4 -112 -2.17
4 -112 -2.33
4 -112 -1.98
4 -112 -2.72
4 -112 -3.62
4 -112 -2.43
4 -112 -2.84
4 -112 -3.27
4 -112 -2.58
4 -112 -3.27
4 -112 -2.29
4 -112 -4.82
4 -112 -2.79
4 -112 -3.85
4 -112 -4.24
4 -112 -4.05
4 -112 -3.96
4 -112 -3.53
4 -112 -3.96
4 -112 -4.06
4 -112 -2.71
4 -112 -3.98
4 -112 -3
4 -112 -3.39
4 -112 -3.81
4 -112 -4.14
4 -112 -4.18
4 -112 -4.48
4 -112 -4.61
4 -112 -3.49
4 -112 -3.1
4 -112 -3.04
4 -112 -2.68
4 -112 -3.08
4 -112 -2.87
4 -112 -2.82
4 -112 -3.58
4 -112 -2.92
4 -112 -3.14
4 -112 -3.07
4 -112 -3.44
4 -112 -3.26
4 -112 -3.47
4 -112 -3
4 -112 -3.69
4 -112 -2.79
4 -112 -2.41
4 -112 -6.1
4 -112 -10.03
4 -112 -6.98
4 -112 -8.51
4 -112 -8.01
4 -112 -7.56
4 -112 -8.87
4 -112 -9.65
4 -112 -8.96
4 -112 -7.45
4 -112 -8.89
4 -112 -8.98
4 -112 -9.45
4 -112 -9.54
4 -112 -10.3
4 -112 -10.93
4 -112 -11.49
4 -112 -10.57
4 -112 -8.87
4 -112 -7.43
4 -112 -3.97
4 -112 -2.78
4 -112 -3.14
4 -112 -3.14
4 -112 -2.34
4 -112 -1.3
4 -112 -2.61
4 -112 -2.85
4 -112 -3.29
4 -112 -2.14
4 -112 -2.52
4 -112 -2.66
4 -112 -2.53
4 -112 -2.8
4 -112 -2.69
4 -112 -2.75
4 -112 -2.93
4 -112 -2.64
4 -112 -2.57
4 -112 -2.57
4 -112 -2.5
4 -112 -2.84
4 -112 -2.68
4 -112 -2.93
4 -112 -2.31
4 -112 -2.94
4 -112 -2.02
4 -112 -2.42
4 -112 -2.14
4 -112 -2.03
4 -112 -2.38
4 -112 -2.22
4 -112 -1.85
4 -112 -2.03
4 -112 -2.13
4 -112 -2.08
4 -112 -2.15
4 -112 -1.92
4 -112 -1.99
4 -112 -3.26
4 -112 -2.68
4 -112 -2.74
4 -112 -3
4 -112 -2.99
4 -112 -2.88
4 -112 -2.38
4 -112 -2.59
4 -112 -2.24
4 -112 -2.74
4 -112 -2.95
4 -112 -2.48
4 -112 -2.35
4 -112 -2.41
4 -112 -2.49
4 -112 -2.36
4 -112 -2.29
4 -112 -2.05
4 -112 -2.22
4 -112 -2.02
4 -112 -2.17
4 -112 -2.18
4 -112 -1.66
4 -112 -1.75
4 -112 -2.29
4 -112 -1.35
4 -112 -1.42
4 -112 -1.8
4 -112 -1.26
4 -112 -1.85
4 -112 -1.21
4 -112 -1.65
4 -112 -1.14
4 -112 -1.23
4 -112 -1.52
4 -112 -1.49
4 -112 -1.49
4 -112 -1.13
4 -112 -1.53
4 -112 -1.25
4 -112 -1.14
4 -112 -1.95
4 -112 -2.19
4 -112 -2.08
4 -112 -1.52
4 -112 -1.81
4 -112 -1.81
4 -112 -1.67
4 -112 -1.92
4 -112 -2.1
4 -112 -1.94
4 -112 -1.55
4 -112 -1.62
4 -112 -1.73
4 -112 -2.01
4 -112 -2.09
4 -112 -2.14
4 -112 -2.34
4 -112 -2.35
4 -112 -2.12
4 -112 -1.83
4 -112 -1.81
4 -112 -1.81
4 -112 -1.72
4 -112 -2
4 -112 -2.23
4 -112 -2.3
4 -112 -2.26
4 -112 -2.32
4 -112 -2.29
4 -112 -2.28
4 -112 -2.08
4 -112 -2.22
4 -112 -2.29
4 -112 -2.29
4 -112 -2.07
4 -112 -1.98
4 -112 -2.09
4 -112 -1.75
4 -112 -1.74
4 -112 -1.71
4 -112 -1.83
4 -112 -1.9
4 -112 -2.04
4 -112 -2.28
4 -112 -2.01
4 -112 -2.35
4 -112 -2.14
4 -112 -2.33
4 -112 -2.58
4 -112 -2.72
4 -112 -2.31
4 -112 -2.09
4 -112 -1.98
4 -112 -2
4 -112 -2.16
4 -112 -2.33
4 -112 -2.69
4 -112 -2.58
4 -112 -2.29
4 -112 -2.09
4 -112 -2.69
4 -112 -2.67
4 -112 -2.42
4 -112 -2.61
4 -112 -2.24
4 -112 -2.15
4 -112 -2.29
4 -112 -2.54
4 -112 -2.11
4 -112 -1.72
4 -112 -2.84
4 -112 -2.63
4 -112 -2.52
4 -112 -2.57
4 -112 -2.33
4 -112 -2.12
4 -112 -2.81
4 -112 -1.77
4 -112 6.46
4 -112 -6.99
4 -112 3.34
4 -112 -2.88
4 -112 -1.48
4 -112 -1.88
4 -112 -2.14
4 -112 -2.08
4 -112 -1.43
4 -112 -1.39
4 -112 -1.36
4 -112 -1.6
4 -112 -1.87
4 -112 -1.78
4 -112 -1.8
4 -112 -1.69
4 -112 -2.51
4 -112 -1.71
4 -112 -2.64
4 -112 -2.39
4 -112 -2.22
4 -112 -2.34
4 -112 -2.13
4 -112 -2.18
4 -112 -2.12
4 -112 -2.71
4 -112 -2.58
4 -112 -2.64
4 -112 -2.59
4 -112 -2.22
4 -112 -2.24
4 -112 -3.01
4 -112 -1.59
4 -112 -2.17
4 -112 -2.08
4 -112 -2.31
4 -112 -2.58
4 -112 -2.54
4 -112 -2.3
4 -112 -2.31
4 -112 -2.1
4 -112 -2.16
4 -112 -2.16
4 -112 -2.28
4 -112 -2.38
4 -112 -2.34
4 -112 -2.33
4 -112 -1.82
4 -112 -1.3
4 -112 -1.53
4 -112 -1.46
4 -112 -1.58
4 -112 -1.76
4 -112 -1.65
4 -112 -1.92
4 -112 -2.04
4 -112 -2.17
4 -112 -2.47
4 -112 -2.32
4 -112 -2.06
4 -112 -2.07
4 -112 -2.56
4 -112 -2.43
4 -112 -2.51
4 -112 -2.32
4 -112 -2.47
4 -112 -2.62
4 -112 -2.8
4 -112 -1.97
4 -112 -2.31
4 -112 -2.35
4 -112 -2.53
4 -112 -2.53
4 -112 -2.2
4 -112 -2.29
4 -112 -2.4
4 -112 -2.64
4 -112 -2.76
4 -112 -3.28
4 -112 -3.22
4 -112 -2.89
4 -112 -2.53
4 -112 -2.68
4 -112 -2.67
4 -112 -3.05
4 -112 -2.19
4 -112 -2.47
4 -112 -2.32
4 -112 -1.81
4 -112 -1.84
4 -112 -1.4
4 -112 -1.28
4 -112 -1.33
4 -112 -1.32
4 -112 -1.4
4 -112 -1.36
4 -112 -1.47
4 -112 -1.39
4 -112 -1.44
4 -112 -1.37
4 -112 -1.1
4 -112 -1.14
4 -112 -0.74
4 -112 -0.81
4 -112 -1.12
4 -112 -1.22
4 -112 -1.47
4 -112 -1.57
4 -112 -1.49
4 -112 -1.68
4 -112 -1.8
4 -112 -1.76
4 -112 -1.79
4 -112 -1.99
4 -112 -1.37
4 -112 -1.34
4 -112 -1.36
4 -112 -1.47
4 -112 -1.1
4 -112 -0.95
4 -112 -1.21
4 -112 -1.44
4 -112 -1.19
4 -112 -2.13
4 -112 -2.71
4 -112 -1.8
4 -112 -2.43
4 -112 -2.71
4 -112 -2.72
4 -112 -2.14
4 -112 -2.52
4 -112 -2.33
4 -112 -2.1
4 -112 -2.22
4 -112 -2.38
4 -112 -1.93
4 -112 -3.36
4 -112 11.17
4 -112 16.02
4 -112 11.5
4 -112 12.19
4 -112 9.98
4 -112 7.72
4 -112 9.74
4 -112 9.48
4 -112 8.69
4 -112 8.75
4 -112 8.41
4 -112 10.51
4 -112 16.68
4 -112 25.86
4 -112 -2.68
4 -112 -2.25
4 -112 -1.27
4 -112 -1.48
4 -112 -2.44
4 -112 -1.95
4 -112 -2.86
4 -112 -2.75
4 -112 -3.41
4 -112 -4.39
4 -112 -3.38
4 -112 -2.33
4 -112 -2.45
4 -112 -0.3
4 -112 -1.9
4 -112 -1.31
4 -112 -0.9
4 -112 -1.73
4 -112 -0.89
4 -112 -0.54
4 -112 -0.39
4 -112 -1.74
4 -112 -3.93
4 -112 -4.06
4 -112 -1.05
4 -112 -1.4
4 -112 -2.18
4 -112 -0.01
4 -112 -3.71
4 -112 -4.3
4 -112 -2.97
4 -112 -3.12
4 -112 -2.24
4 -112 -3
4 -112 -3.08
4 -112 -2.66
4 -112 -2.76
4 -112 -2.74
4 -112 -3.05
4 -112 -2.4
4 -112 12.25
4 -112 -54.23
4 -112 9.35
4 -112 -9.14
4 -112 -1.22
4 -112 2.59
4 -112 -0.77
4 -112 -1.51
4 -112 -1.32
4 -112 -0.79
4 -112 -2.18
4 -112 -2.84
4 -112 -2.33
4 -112 -2.72
4 -112 -1.95
4 -112 -2.35
4 -112 -3.11
4 -112 -2.28
4 -112 -2.7
4 -112 -3.66
4 -112 -2.15
4 -112 -4
4 -112 -2.67
4 -112 0.02
4 -112 -2.66
4 -112 -1.5
4 -112 -1.55
4 -112 -2.49
4 -112 -2.68
4 -112 -2.64
4 -112 -2.58
4 -112 -2.45
4 -112 -2.54
4 -112 -2.71
4 -112 -2.64
4 -112 -2.7
4 -112 -2.65
4 -112 -2.38
4 -112 -2.68
4 -112 -2.46
4 -112 -2.45
4 -112 -2.49
4 -112 -2.94
4 -112 -3.33
4 -112 -1.83
4 -112 -2.46
4 -112 -3.24
4 -112 -3.19
4 -112 -3.01
4 -112 -2.52
4 -112 -2.94
4 -112 -2.58
4 -112 -2.72
4 -112 -2.84
4 -112 -2.97
4 -112 -3.05
4 -112 -2.57
4 -112 -2.14
4 -112 -2.02
4 -112 -2.18
4 -112 -2.58
4 -112 -2.15
4 -112 -2.04
4 -112 -1.99
4 -112 -2.03
4 -112 -1.73
4 -112 -1.8
4 -112 -1.83
4 -112 -1.97
4 -112 -2.12
4 -112 -2.15
4 -112 -2.17
4 -112 -2.12
4 -112 -2.1
4 -112 -1.7
4 -112 -2.2
4 -112 -2.12
4 -112 -2.11
4 -112 -2.06
4 -112 -2.19
4 -112 -2.17
4 -112 -2.13
4 -112 -2.27
4 -112 -2.52
4 -112 -2.53
4 -112 -2.66
4 -112 -2.52
4 -112 -2.63
4 -112 -2.46
4 -112 -2.48
4 -112 -2.36
4 -112 -2.38
4 -112 -2.06
4 -112 -1.84
4 -112 -2.04
4 -112 -1.97
4 -112 -2.28
4 -112 -2.45
4 -112 -2.25
4 -112 -2.08
4 -112 -1.8
4 -112 -2.74
4 -112 -2.36
4 -112 -2.48
4 -112 -2.14
4 -112 -2.24
4 -112 -2.19
4 -112 -2.06
4 -112 -2.26
4 -112 -2.26
4 -112 -1.92
4 -112 -2.24
4 -112 -1.76
4 -112 -1.41
4 -112 -1.34
4 -112 -2.25
4 -112 -1.67
4 -112 -2.56
4 -112 -1.17
4 -112 -2.86
4 -112 -1.56
4 -112 -0.67
4 -112 -1.03
4 -112 -0.39
4 -112 1.97
4 -112 -2.8
4 -112 -3.97
4 -112 -5.21
4 -112 -4.91
4 -112 -2.58
4 -112 -0.6
4 -112 -0.72
4 -112 -2.01
4 -112 -4.6
4 -112 -3.09
4 -112 -2.05
4 -112 -2.42
4 -112 -2.11
4 -112 -2.57
4 -112 -20.61
4 -112 -16.62
4 -112 -1.18
4 -112 -5.36
4 -112 -2.04
4 -112 -2.41
4 -112 -2.16
4 -112 -2.76
4 -112 -3.28
4 -112 -8.38
4 -112 -6.69
4 -112 -6.99
4 -112 -8.48
4 -112 10.39
4 -112 -23.97
4 -112 -5.01
4 -112 -2.56
4 -112 -1.67
4 -112 -1.7
4 -112 -1.42
4 -112 -1.92
4 -112 -2.37
4 -112 -3.91
4 -112 -2.9
4 -112 -2.32
4 -112 -1.7
4 -112 -1.92
4 -112 -2.01
4 -112 -2.09
4 -112 -2.23
4 -112 -1.63
4 -112 -2.04
4 -112 -2.44
4 -112 -2.34
4 -112 -2.43
4 -112 -2.46
4 -112 -2.56
4 -112 -2.63
4 -112 -2.52
4 -112 -2.55
4 -112 -2.43
4 -112 -2.53
4 -112 -2.66
4 -112 -2.33
4 -112 -2.59
4 -112 -2.45
4 -112 -2.72
4 -112 -2.33
4 -112 -2.34
4 -112 -2.7
4 -112 -2.77
4 -112 -2.54
4 -112 -2.39
4 -112 -2.71
4 -112 -2.63
4 -112 -3.22
4 -112 -3.03
4 -112 -2.53
4 -112 -2.48
4 -112 -1.88
4 -112 -1.53
4 -112 -2.42
4 -112 -2.43
4 -112 -1.89
4 -112 -1.87
4 -112 -2.03
4 -112 -1.86
4 -112 -1.92
4 -112 -1.72
4 -112 -1.55
4 -112 -1.28
4 -112 -1.24
4 -112 -1.33
4 -112 -0.93
4 -112 -1.38
4 -112 -1.68
4 -112 -1.49
4 -112 -0.99
4 -112 -1.5
4 -112 -1.69
4 -112 -1.91
4 -112 -2
4 -112 -2.16
4 -112 -2.19
4 -112 -2.43
4 -112 -2.04
4 -112 -2.32
4 -112 -2.71
4 -112 -2.7
4 -112 -2.24
4 -112 -1.96
4 -112 -2.1
4 -112 -2.73
4 -112 -2.52
4 -112 -2.29
4 -112 -2.14
4 -112 -2.19
4 -112 -2.08
4 -112 -2.13
4 -112 -2.29
4 -112 -2.07
4 -112 -1.73
4 -112 -2.14
4 -112 -2.77
4 -112 -2.35
4 -112 -1.64
4 -112 -1.94
4 -112 -2.46
4 -112 -2.61
4 -112 -2.54
4 -112 -0.28
4 -112 1.9
4 -112 -1.62
4 -112 -2.54
4 -112 -3.22
4 -112 -1.71
4 -112 -1.78
4 -112 -2.79
4 -112 -1.9
4 -112 -2.06
4 -112 -2.56
4 -112 -2.95
4 -112 -1.86
4 -112 -2.04
4 -112 -1.88
4 -112 -2.04
4 -112 -1.87
4 -112 -1.57
4 -112 -1.22
4 -112 -2.09
4 -112 -1.9
4 -112 -1.66
4 -112 -2.51
4 -112 -1.47
4 -112 -2.12
4 -112 -2.01
4 -112 -2.2
4 -112 -1.98
4 -112 -1.95
4 -112 -1.65
4 -112 -2.33
4 -112 -1.47
4 -112 -2.16
4 -112 -1.54
4 -112 -1.72
4 -112 -2.05
4 -112 -1.65
4 -112 -1.87
4 -112 -2.16
4 -112 -2.09
4 -112 -2.05
4 -112 -1.88
4 -112 -2.12
4 -112 -1.71
4 -112 -1.24
4 -112 -1.62
4 -112 -2.17
4 -112 -1.13
4 -112 -1.55
4 -112 -0.97
4 -112 -1.04
4 -112 -1.53
4 -112 -1.78
4 -112 -1.9
4 -112 -2.28
4 -112 -1.47
4 -112 -1.31
4 -112 -1.52
4 -112 -1.82
4 -112 -1.43
4 -112 -1.68
4 -112 -1.7
4 -112 -1.38
4 -112 -0.97
4 -112 -0.75
4 -112 -1.14
4 -112 -1.06
4 -112 -0.8
4 -112 -1
4 -112 -0.65
4 -112 -0.87
4 -112 -0.78
4 -112 -0.39
4 -112 -0.53
4 -112 -0.34
4 -112 -0.46
4 -112 -0.58
4 -112 -0.78
4 -112 -0.83
4 -112 -1.02
4 -112 -0.87
4 -112 -0.37
4 -112 -0.53
4 -112 -1.62
4 -112 1.67
4 -112 -0.73
4 -112 -1.31
4 -112 -1.57
4 -112 -1.76
4 -112 -1.41
4 -112 -1.27
4 -112 -1.53
4 -112 -1.25
4 -112 -1.38
4 -112 -1.38
4 -112 -1.25
4 -112 -1.53
4 -112 -1.97
4 -112 -1.89
4 -112 -1.67
4 -112 -1.47
4 -112 -1.29
4 -112 -1.39
4 -112 -1.58
4 -112 -1.64
4 -112 -1.94
4 -112 -2.02
4 -112 -1.76
4 -112 -1.45
4 -112 -1.24
4 -112 -1.15
4 -112 -1.25
4 -112 -1.08
4 -112 -0.81
4 -112 -0.78
4 -112 -0.76
4 -112 -0.43
4 -112 -0.36
4 -112 0.08
4 -112 -0.39
4 -112 -1.08
4 -112 -0.56
4 -112 -1.6
4 -112 -1.48
4 -112 -1.17
4 -112 -1.32
4 -112 -1.03
4 -112 -0.98
4 -112 0.31
4 -112 -0.54
4 -112 -0.33
4 -112 -0.75
4 -112 -0.87
4 -112 -0.95
4 -112 -1.27
4 -112 -1.08
4 -112 -1.27
4 -112 -1.23
4 -112 -1.14
4 -112 -1.33
4 -112 -0.98
4 -112 -1.38
4 -112 -0.61
4 -112 -1.23
4 -112 -1.28
4 -112 -1.39
4 -112 -1.53
4 -112 -1.1
4 -112 -1.15
4 -112 -1.03
4 -112 -1.83
4 -112 -1.19
4 -112 -0.98
4 -112 -1.72
4 -112 -1.91
4 -112 -1.16
4 -112 -1.63
4 -112 -1.11
4 -112 -1.03
4 -112 -1.14
4 -112 -1.5
4 -112 -1.4
4 -112 -0.76
4 -112 -0.9
4 -112 -0.95
4 -112 -1.26
4 -112 -0.78
4 -112 -1.24
4 -112 -1.2
4 -112 -1.05
4 -112 -1.16
4 -112 -1.13
4 -112 -0.59
4 -112 -1.08
4 -112 -1.26
4 -112 -1.14
4 -112 -1.24
4 -112 -0.92
4 -112 -1.02
4 -112 -0.99
4 -112 -1.05
4 -112 -0.59
4 -112 -0.79
4 -112 -1.11
4 -112 -0.99
4 -112 -1.11
4 -112 -0.86
4 -112 -1.11
4 -112 -0.21
4 -112 -1.09
4 -112 -0.93
4 -112 -1.23
4 -112 -1.11
4 -112 -1.23
4 -112 -1.36
4 -112 -1.39
4 -112 -1.37
4 -112 -1.28
4 -112 -1.11
4 -112 -1.04
4 -112 -0.92
4 -112 -1.12
4 -112 -1.12
4 -112 -0.8
4 -112 -2.49
4 -112 -0.8
4 -112 -0.33
4 -112 -0.67
4 -112 -1.35
4 -112 -0.69
4 -112 -0.1
4 -112 -1.16
4 -112 -0.96
4 -112 -1.26
4 -112 -0.48
4 -112 -1.16
4 -112 -1.06
4 -112 -0.95
4 -112 -0.88
4 -112 -0.79
4 -112 -0.73
4 -112 -0.47
4 -112 -0.26
4 -112 -0.88
4 -112 -0.55
4 -112 -0.36
4 -112 -0.95
4 -112 -0.62
4 -112 -0.45
4 -112 -0.82
4 -112 -0.73
4 -112 -0.78
4 -112 -0.68
4 -112 -1.12
4 -112 -0.57
4 -112 -0.96
4 -112 -0.75
4 -112 -0.58
4 -112 -0.07
4 -112 -0.21
4 -112 -0.72
4 -112 -0.52
4 -112 -0.66
4 -112 -0.69
4 -112 -0.83
4 -112 -0.52
4 -112 -0.66
4 -112 0.11
4 -112 0.04
4 -112 -0.53
4 -112 -0.86
4 -112 -0.71
4 -112 -0.85
4 -112 -1.33
4 -112 -0.31
4 -112 -0.07
4 -112 -0.33
4 -112 -0.63
4 -112 -0.69
4 -112 -1.05
4 -112 -0.85
4 -112 -0.83
4 -112 0.27
4 -112 0.26
4 -112 0.26
4 -112 -0.07
4 -112 0.14
4 -112 -0.01
4 -112 -0.29
4 -112 -0.02
4 -112 -0.26
4 -112 -0.7
4 -112 -0.82
4 -112 -0.12
4 -112 0.11
4 -112 -0.55
4 -112 -0.79
4 -112 -1.04
4 -112 -0.48
4 -112 0.12
4 -112 -0.49
4 -112 -0.65
4 -112 0.61
4 -112 0.08
4 -112 -0.19
4 -112 -0.61
4 -112 -0.71
4 -112 -0.25
4 -112 -0.35
4 -112 -0.37
4 -112 -0.18
4 -112 -0.72
4 -112 -0.48
4 -112 -0.39
4 -112 -0.26
4 -112 -0.44
4 -112 -0.36
4 -112 -0.78
4 -112 -0.55
4 -111 -0.95
4 -111 -0.51
4 -111 -0.64
4 -111 -0.89
4 -111 -0.53
4 -111 -0.6
4 -111 -0.93
4 -111 -1.1
4 -111 -0.93
4 -111 -0.82
4 -111 -0.79
4 -111 -1
4 -111 -0.81
4 -111 -0.85
4 -111 -0.88
4 -111 -0.94
4 -111 -0.78
4 -111 -0.71
4 -111 -0.72
4 -111 -0.67
4 -111 -0.65
4 -111 -0.75
4 -111 -0.82
4 -111 -0.56
4 -111 -0.63
4 -111 -0.6
4 -111 -0.72
4 -112 -0.39
4 -112 -0.59
4 -112 -0.75
4 -112 -1.09
4 -112 -0.91
4 -112 -0.91
4 -112 -1.17
4 -112 -1.18
4 -112 -1.4
4 -112 -1.2
4 -112 -1.25
4 -112 -1.29
4 -112 -0.9
4 -112 -0.87
4 -112 -0.85
4 -112 -0.99
4 -112 -0.96
4 -112 -0.92
4 -112 -0.73
4 -112 -0.72
4 -112 -0.97
4 -112 -0.8
4 -112 -0.67
4 -112 -0.67
4 -112 -0.59
4 -112 -0.53
4 -112 -0.59
4 -112 -0.45
4 -112 -0.48
4 -112 -0.28
4 -112 -0.68
4 -112 -0.26
4 -112 -0.14
4 -112 -0.13
4 -112 -0.35
4 -112 -0.2
4 -112 -0.24
4 -112 -0.33
4 -112 -0.36
4 -112 -0.31
4 -112 -0.22
4 -112 -0.38
4 -112 -0.39
4 -112 -0.19
4 -112 -0.03
4 -112 -0.11
4 -112 -0.11
4 -112 -0.14
4 -112 -0.2
4 -112 -0.19
4 -112 -0.41
4 -112 -0.77
4 -112 -0.69
4 -112 -0.57
4 -112 -0.06
4 -112 0.09
4 -112 0.05
4 -112 -0.17
4 -112 -0.18
4 -112 -0.16
4 -112 -0.07
4 -112 -0.15
4 -112 -0.28
4 -112 -0.33
4 -112 -0.09
4 -112 0.06
4 -112 0.21
4 -112 0.06
4 -112 0.02
4 -112 -0.04
4 -112 -0.04
4 -112 -0.16
4 -112 -0.27
4 -112 -0.35
4 -112 -0.23
4 -112 -0.28
4 -112 0.1
4 -112 -0.01
4 -112 -0.14
4 -112 -0.16
4 -112 -0.14
4 -112 -0.2
4 -112 -0.26
4 -112 -0.44
4 -112 -0.36
4 -112 -0.21
4 -112 -0.01
4 -112 -0.69
4 -112 -0.43
4 -112 -0.13
4 -112 -0.51
4 -112 -0.82
4 -112 -1.91
4 -112 -1.59
4 -112 -1.65
4 -112 -1.67
4 -112 -1.57
4 -112 -1.42
4 -112 -0.86
4 -112 -0.83
4 -112 -1
4 -112 -0.41
4 -112 -0.76
4 -112 -0.78
4 -112 -0.46
4 -112 -0.35
4 -112 -0.34
4 -112 0.11
4 -112 -0.18
4 -112 -0.87
4 -112 -0.58
4 -112 -0.38
4 -112 -0.4
4 -112 -1.64
4 -112 -2.21
4 -112 -1.38
4 -112 -1.05
4 -112 -0.36
4 -112 -0.36
4 -112 -0.91
4 -112 -0.78
4 -112 -0.57
4 -112 -0.58
4 -112 -0.79
4 -112 -0.4
4 -112 -0.27
4 -112 -0.49
4 -112 -0.81
4 -112 -1.04
4 -112 -0.97
4 -112 -0.84
4 -112 -0.96
4 -112 -0.81
4 -112 -1.41
4 -112 -1.27
4 -112 -1.48
4 -112 -1.4
4 -112 -1.29
4 -112 -1.34
4 -112 -1.47
4 -112 -1.61
4 -112 -1.79
4 -112 -2.04
4 -112 -1.33
4 -112 -1.65
4 -112 -1.63
4 -112 -1.3
4 -112 -1.2
4 -112 -1.78
4 -112 -1.25
4 -112 -2.18
4 -112 -1.17
4 -112 -1.13
4 -112 -1.94
4 -112 -1.4
4 -112 -1.1
4 -112 -1.43
4 -112 -1.73
4 -112 -1.56
4 -112 -1.25
4 -112 -1.49
4 -112 -1.54
4 -112 -1.22
4 -112 -0.8
4 -112 -1.47
4 -112 -0.28
4 -112 -1.07
4 -112 -1.27
4 -112 -1.01
4 -112 -1.03
4 -112 -1.14
4 -112 -1.15
4 -112 -1.05
4 -112 -0.93
4 -112 -0.85
4 -112 -0.81
4 -112 -0.75
4 -112 -1
4 -112 -1.21
4 -112 -1.12
4 -112 -1.02
4 -112 -1.03
4 -112 -1.11
4 -112 -1.08
4 -112 -1.01
4 -112 -1.01
4 -112 -0.97
4 -112 -0.9
4 -112 -0.87
4 -112 -0.79
4 -112 -0.86
4 -112 -0.85
4 -112 -0.87
4 -112 -0.83
4 -112 -0.78
4 -112 -0.74
4 -112 -0.73
4 -112 -0.72
4 -112 -0.69
4 -112 -0.6
4 -112 -0.56
4 -112 -0.55
4 -112 -0.53
4 -112 -0.56
4 -112 -0.54
4 -112 -0.66
4 -112 -0.61
4 -112 -0.67
4 -112 -0.62
4 -112 -1.12
4 -112 -0.72
4 -112 -0.27
4 -112 0.01
4 -112 0.1
4 -112 -0.2
4 -112 -1.06
4 -112 -1.03
4 -112 -0.21
4 -112 -0.3
4 -112 -0.3
4 -112 -0.12
4 -112 0.16
4 -112 -0.65
4 -112 -0.32
4 -112 -0.34
4 -112 -0.49
4 -112 -0.21
4 -112 -0.78
4 -112 -0.69
4 -112 0.23
4 -112 -0.48
4 -112 0.07
4 -112 -0.32
4 -112 -0.37
4 -112 -0.73
4 -112 -0.69
4 -112 -0.53
4 -112 0.07
4 -112 -0.17
4 -112 -0.29
4 -112 -0.14
4 -112 -0.34
4 -112 -0.42
4 -112 -0.61
4 -112 -0.69
4 -112 -0.48
4 -112 -0.2
4 -112 0.01
4 -112 -0.05
4 -112 0.04
4 -112 -0.07
4 -112 -0.06
4 -112 0
4 -112 0.04
4 -112 -0.43
4 -112 -0.47
4 -112 -0.31
4 -112 -0.41
4 -112 -0.35
4 -112 -0.62
4 -112 -0.36
4 -112 -0.32
4 -112 -0.65
4 -112 -0.68
4 -112 -0.4
4 -112 -0.69
4 -112 -0.42
4 -112 -0.21
4 -112 -0.09
4 -112 -0.29
4 -112 -0.27
4 -112 -0.49
4 -112 -0.37
4 -112 -0.17
4 -112 -0.11
4 -112 -0.14
4 -112 -0.02
4 -112 0
4 -112 0.08
4 -112 0.03
4 -112 0
4 -112 0.23
4 -112 -0.31
4 -112 -0.54
4 -112 -0.2
4 -112 0.17
4 -112 -0.24
4 -112 -0.07
4 -112 0.13
4 -112 0.04
4 -112 0.03
4 -112 -0.21
4 -112 -0.39
4 -112 -0.46
4 -112 -0.27
4 -112 -0.08
4 -112 -0.1
4 -112 -0.09
4 -111 -0.21
4 -111 -0.34
4 -111 -0.33
4 -111 -0.21
4 -111 -0.19
4 -111 -0.35
4 -111 -0.46
4 -111 -0.42
4 -111 -0.34
4 -111 -0.15
4 -111 -0.04
4 -111 0.06
4 -111 0.17
4 -111 0.09
4 -111 0.17
4 -111 0.07
4 -112 0.03
4 -112 -0.03
4 -112 -0.05
4 -112 -0.08
4 -112 -0.1
4 -112 -0.01
4 -112 0.02
4 -112 -0.03
4 -112 0.09
4 -112 0.18
4 -112 0.1
4 -112 0.25
4 -112 0.25
4 -112 0.17
4 -112 0.2
4 -112 0.27
4 -112 0.26
4 -112 0.22
4 -112 0.24
4 -112 0.22
4 -112 0.2
4 -112 0.28
4 -112 0.27
4 -112 0.26
4 -112 0.27
4 -112 0.27
4 -112 0.32
4 -112 0.34
4 -112 0.3
4 -112 0.33
4 -112 0.33
4 -112 0.26
4 -112 0.29
4 -112 0.25
4 -112 0.22
4 -112 0.25
4 -112 0.27
4 -112 0.22
4 -112 0.25
4 -112 0.33
4 -112 0.26
4 -112 -0.1
4 -112 0.03
4 -112 0.01
4 -112 0.31
4 -112 0.72
4 -112 0.53
4 -112 0.43
4 -112 0.38
4 -112 0.38
4 -112 0.37
4 -112 0.38
4 -112 0.35
4 -112 0.34
4 -112 0.28
4 -111 0.32
4 -111 0.3
4 -111 0.3
4 -111 0.38
4 -111 0.36
4 -111 0.3
4 -111 0.31
4 -111 0.38
4 -111 0.27
4 -112 0.16
4 -112 0.02
4 -112 -0.1
4 -112 -0.35
4 -112 -0.3
4 -112 -0.44
4 -112 -0.37
4 -112 -0.37
4 -112 -0.42
4 -111 -0.36
4 -111 -0.37
4 -112 -0.33
4 -112 -0.32
4 -111 -0.33
4 -111 -0.3
4 -112 -0.3
4 -112 -0.35
4 -112 -0.28
4 -112 -0.19
4 -112 -0.25
4 -112 -0.18
4 -112 -0.21
4 -112 -0.19
4 -112 -0.15
4 -112 -0.17
4 -112 -0.12
4 -112 -0.06
4 -112 0.05
4 -112 0.08
4 -112 -0.13
4 -112 0.08
4 -112 0.17
4 -112 0.12
4 -112 0.17
4 -112 0.44
4 -112 0.51
4 -112 0.66
4 -112 0.02
4 -112 0.34
4 -112 0.18
4 -112 0
4 -112 -0.08
4 -112 -0.88
4 -112 -0.95
4 -112 -0.84
4 -112 -0.28
4 -111 -0.37
4 -111 -0.85
4 -111 -0.07
4 -111 -0.28
4 -111 -0.51
4 -112 -0.08
4 -112 -0.01
4 -112 -0.12
4 -112 -0.12
4 -112 -0.23
4 -112 -0.16
4 -112 -0.1
4 -112 -0.1
4 -112 -0.07
4 -112 -0.05
4 -112 -0.06
4 -112 -0.09
4 -112 -0.02
4 -112 0
4 -112 0.05
4 -112 -0.03
4 -112 -0.01
4 -112 -0.05
4 -112 -0.12
4 -112 0.01
4 -112 0.04
4 -112 -0.67
4 -112 -0.56
4 -112 -0.43
4 -112 -0.23
4 -112 -0.17
4 -112 -0.02
4 -112 0.09
4 -112 0.17
4 -112 0.18
4 -112 -0.2
4 -112 0
4 -112 -0.51
4 -112 -0.72
4 -112 -0.51
4 -112 -0.07
4 -112 -0.24
4 -112 -0.46
4 -112 0.09
4 -112 -0.21
4 -112 -0.42
4 -112 -0.61
4 -112 -0.51
4 -112 -0.29
4 -112 -0.99
4 -112 0.02
4 -112 -0.26
4 -112 -0.33
4 -112 -1.27
4 -112 -0.66
4 -112 -0.51
4 -112 -0.91
4 -112 -0.73
4 -112 -0.02
4 -112 0.06
4 -112 -0.42
4 -112 0.06
4 -112 -0.12
4 -112 -0.18
4 -112 -0.12
4 -112 0.09
4 -112 -0.23
4 -112 -0.11
4 -112 -0.09
4 -112 -0.51
4 -112 -0.23
4 -112 -0.44
4 -112 0.47
4 -112 -0.41
4 -112 -0.83
4 -112 -0.65
4 -112 -0.26
4 -112 -0.62
4 -112 -1.21
4 -112 -0.98
4 -112 -1.11
4 -112 0.08
4 -112 0.65
4 -112 0.71
4 -112 0.38
4 -112 -0.04
4 -112 0.5
4 -112 0.57
4 -112 1.22
4 -112 1.68
4 -112 1.06
4 -112 0.93
4 -112 0.93
4 -112 0.83
4 -112 1.33
4 -112 1.19
4 -112 0.9
4 -112 0.78
4 -112 0.7
4 -112 1.42
4 -112 1.26
4 -112 1.18
4 -112 1.11
4 -112 1.11
4 -112 1.11
4 -112 1.11
4 -112 1.11
4 -112 1.05
4 -112 1.06
4 -112 1.23
4 -112 1.11
4 -112 1.17
4 -112 1.3
4 -112 1.29
4 -112 1.21
4 -112 0.88
4 -112 1.3
4 -112 0.85
4 -112 0.81
4 -112 0.65
4 -112 0.81
4 -112 1.34
4 -112 1.65
4 -112 1.36
4 -112 1.09
4 -112 0.82
4 -112 0.97
4 -112 1.14
4 -112 0.91
4 -112 1.35
4 -112 1.08
4 -112 1.22
4 -112 0.51
4 -112 0.6
4 -112 0.45
4 -112 1.06
4 -112 0.81
4 -112 0.31
4 -112 0.96
4 -112 0.61
4 -112 0.63
4 -112 1.14
4 -112 0.49
4 -112 0.59
4 -112 1.07
4 -112 1.49
4 -112 0.7
4 -112 1.19
4 -112 1.39
4 -112 1.8
4 -112 1.67
4 -112 1.7
4 -112 1.86
4 -112 1.38
4 -112 1.48
4 -112 1.31
4 -112 1.6
4 -112 1.55
4 -112 1.53
4 -112 1.32
4 -112 1.52
4 -112 1.49
4 -112 1.49
4 -112 1.35
4 -112 1.32
4 -112 1.22
4 -112 1.29
4 -112 1.3
4 -112 1.38
4 -112 1.04
4 -112 0.95
4 -112 0.85
4 -112 1.04
4 -112 0.82
4 -112 0.89
4 -112 1.06
4 -112 1.2
4 -112 1.2
4 -112 1.15
4 -112 1.03
4 -112 1.01
4 -112 0.95
4 -112 0.95
4 -112 0.95
4 -112 1.03
4 -112 0.99
4 -112 1.04
4 -112 1.12
4 -112 1.1
4 -112 1.16
4 -112 1.15
4 -112 1.17
4 -112 1.2
4 -112 1.18
4 -112 1.17
4 -112 1.28
4 -112 1.25
4 -112 1.22
4 -112 1.12
4 -112 0.89
4 -112 0.92
4 -112 1.09
4 -112 0.91
4 -112 1.07
4 -112 0.8
4 -112 0.8
4 -112 1.2
4 -112 1.83
4 -112 1.7
4 -112 1.41
4 -112 1.28
4 -112 1.31
4 -112 1.24
4 -112 1.12
4 -112 1.28
4 -112 1.45
4 -112 1.42
4 -112 1.02
4 -112 1.49
4 -112 1.08
4 -112 1.34
4 -112 0.85
4 -112 1.47
4 -112 0.92
4 -112 1.74
4 -112 2.31
4 -112 1.66
4 -112 0.01
4 -112 1.34
4 -112 3.04
4 -112 -0.33
4 -112 0
4 -112 0.4
4 -112 1.04
4 -112 1.22
4 -112 1.41
4 -112 0.51
4 -112 1.77
4 -112 1.81
4 -112 1.09
4 -112 1.27
4 -112 1.24
4 -112 1.62
4 -112 1.86
4 -112 1.49
4 -112 1.14
4 -112 0.42
4 -112 0.55
4 -112 -1.48
4 -112 -1.56
4 -112 -1.94
4 -112 -2.45
4 -112 -1.81
4 -112 -0.86
4 -112 -1.44
4 -112 -0.29
4 -112 1.78
4 -112 0.23
4 -112 0.23
4 -112 1.88
4 -112 2.18
4 -112 1.83
4 -112 2.96
4 -112 2.92
4 -112 2.54
4 -112 2.53
4 -112 2.61
4 -112 -0.86
4 -112 -0.92
4 -112 -0.92
4 -112 -0.59
4 -112 2.24
4 -112 2.37
4 -112 4.26
4 -112 2.09
4 -112 1.47
4 -112 2.49
4 -112 2.3
4 -112 2.2
4 -112 2.37
4 -112 2.67
4 -112 1.71
4 -112 2.29
4 -112 1.28
4 -112 2.19
4 -112 2.33
4 -112 2.06
4 -112 1.69
4 -112 1.98
4 -112 2.33
4 -112 2.35
4 -112 2.43
4 -112 1.99
4 -112 1.87
4 -112 2.34
4 -112 2.23
4 -112 2.33
4 -112 2.28
4 -112 1.76
4 -112 1.35
4 -112 1.94
4 -112 1.93
4 -112 1.84
4 -112 1.92
4 -112 1.86
4 -112 1.95
4 -112 1.9
4 -112 1.68
4 -112 1.89
4 -112 1.97
4 -112 2.26
4 -112 2.37
4 -112 2.45
4 -112 3.83
4 -112 2.54
4 -112 2.06
4 -112 2.69
4 -112 2.41
4 -112 2.72
4 -112 2.82
4 -112 2.73
4 -112 2.88
4 -112 3.04
4 -112 2.14
4 -112 2.14
4 -112 2.36
4 -112 2.38
4 -112 2.37
4 -112 2.31
4 -112 2.38
4 -112 2.73
4 -112 2.6
4 -112 2.64
4 -112 2.49
4 -112 2.5
4 -112 2.39
4 -112 2.06
4 -112 2.13
4 -112 2.18
4 -112 1.78
4 -112 1.49
4 -112 2.95
4 -112 1.41
4 -112 1.73
4 -112 1.95
4 -112 1.67
4 -112 1.56
4 -112 1.12
4 -112 1.28
4 -112 1.41
4 -112 1.29
4 -112 1.29
4 -112 2.03
4 -112 2.39
4 -112 2.24
4 -112 2.21
4 -112 2.46
4 -112 2.39
4 -112 2.04
4 -112 2.62
4 -112 1.24
4 -112 1.78
4 -112 1.78
4 -112 1.02
4 -112 1.41
4 -112 0.81
4 -112 1.51
4 -112 1.2
4 -112 1.33
4 -112 0.71
4 -112 1.87
4 -112 0.77
4 -112 1.2
4 -112 1.45
4 -112 1.43
4 -112 1.34
4 -112 0.9
4 -112 0.91
4 -112 0.93
4 -112 1.63
4 -112 2.46
4 -112 2.79
4 -112 2.06
4 -112 1.93
4 -112 2
4 -112 2.4
4 -112 2.7
4 -112 2.81
4 -112 2.63
4 -112 2.39
4 -112 2.46
4 -112 2.12
4 -112 2.17
4 -112 2.33
4 -112 2.41
4 -112 2.59
4 -112 2.71
4 -112 2.67
4 -112 2.68
4 -112 2.58
4 -112 2.55
4 -112 2.48
4 -112 2.42
4 -112 2.36
4 -112 2.26
4 -112 2.28
4 -112 2.27
4 -112 2.14
4 -112 2.29
4 -112 2.26
4 -112 2.15
4 -112 2.22
4 -112 2.24
4 -112 2.22
4 -112 2.3
4 -112 2.4
4 -112 2.42
4 -112 2.36
4 -112 2.42
4 -112 2.32
4 -112 2.51
4 -112 2.54
4 -112 2.35
4 -112 2.29
4 -112 2.58
4 -112 2.59
4 -112 2.28
4 -112 2.21
4 -112 2.29
4 -112 2.03
4 -112 1.87
4 -112 1.99
4 -112 1.86
4 -112 1.95
4 -112 2.25
4 -112 2.07
4 -112 2.54
4 -112 1.92
4 -112 1.55
4 -112 1.04
4 -112 2.4
4 -112 1.25
4 -112 1.81
4 -112 2.19
4 -112 1.35
4 -112 1.38
4 -112 1.72
4 -112 1.77
4 -112 1.32
4 -112 2.14
4 -112 2.71
4 -112 2.11
4 -112 2.4
4 -112 1.78
4 -112 2.18
4 -112 1.5
4 -112 2.05
4 -112 2.27
4 -112 1.76
4 -112 1
4 -112 1.04
4 -112 2.03
4 -112 2.11
4 -112 2.33
4 -112 2.22
4 -112 2.17
4 -112 1.77
4 -112 2.03
4 -112 2.59
4 -112 2.81
4 -112 2.56
4 -112 2.78
4 -112 2.55
4 -112 2.61
4 -112 2.13
4 -112 2.24
4 -112 2.62
4 -112 2.32
4 -112 2.02
4 -112 2.2
4 -112 2.5
4 -112 2.2
4 -112 2.18
4 -112 2.28
4 -112 2.57
4 -112 2.86
4 -112 3.18
4 -112 3.26
4 -112 3.3
4 -112 3.26
4 -112 3.28
4 -112 3.16
4 -112 3.18
4 -112 3.17
4 -112 3.08
4 -112 2.96
4 -112 2.83
4 -112 2.27
4 -112 1.68
4 -112 1.5
4 -112 1.41
4 -112 1.48
4 -112 1.46
4 -112 1.48
4 -112 1.47
4 -112 1.41
4 -112 1.5
4 -112 1.63
4 -112 1.44
4 -112 1.55
4 -112 1.38
4 -112 1.39
4 -112 1.26
4 -112 1.24
4 -112 1.2
4 -112 1.07
4 -112 1.17
4 -112 1.19
4 -112 1.14
4 -112 1.16
4 -112 1.18
4 -112 1.2
4 -112 1.23
4 -112 1.36
4 -112 1.25
4 -112 1
4 -112 1.05
4 -112 0.82
4 -112 0.82
4 -112 1.06
4 -112 1.16
4 -112 1.21
4 -112 1.14
4 -112 1.28
4 -112 1.33
4 -112 1.29
4 -112 1.36
4 -112 1.39
4 -112 1.54
4 -112 1.45
4 -112 1.58
4 -112 1.58
4 -112 1.64
4 -112 1.55
4 -112 1.71
4 -112 1.76
4 -112 1.82
4 -112 1.85
4 -112 2.04
4 -112 2.18
4 -112 1.76
4 -112 1.32
4 -112 0.95
4 -112 0.98
4 -112 1.07
4 -112 1.46
4 -112 1.56
4 -112 1.93
4 -112 2.56
4 -112 2.61
4 -112 2.3
4 -112 1.86
4 -112 1.7
4 -112 1.71
4 -112 1.42
4 -112 1.15
4 -112 1.2
4 -112 1.27
4 -112 1.27
4 -112 1.27
4 -112 1.26
4 -112 1.29
4 -112 1.41
4 -112 1.35
4 -112 1.38
4 -112 1.43
4 -112 1.28
4 -112 1.12
4 -112 0.95
4 -112 0.93
4 -112 0.91
4 -112 0.97
4 -112 0.99
4 -112 1.16
4 -112 1.27
4 -112 1.18
4 -112 1.06
4 -112 1.25
4 -112 1.48
4 -112 1.53
4 -112 1.71
4 -112 1.79
4 -112 1.84
4 -112 1.07
4 -112 2.27
4 -112 2.61
4 -112 2.02
4 -112 1.47
4 -112 2.19
4 -112 2.72
4 -112 2.78
4 -112 2.4
4 -112 2.28
4 -112 2.85
4 -112 1.59
4 -112 2.03
4 -112 2.75
4 -112 2.92
4 -112 2.35
4 -112 1.78
4 -112 1.38
4 -112 1.42
4 -112 1.46
4 -112 1.52
4 -112 1.53
4 -112 1.63
4 -112 1.61
4 -112 1.54
4 -112 1.96
4 -112 2.93
4 -112 2.76
4 -112 2.09
4 -112 2.37
4 -112 2.28
4 -112 2.42
4 -112 2.8
4 -112 2.82
4 -112 2.64
4 -112 2.78
4 -112 2.04
4 -112 2.27
4 -112 1.04
4 -112 1.21
4 -112 1.52
4 -112 1.35
4 -112 1.43
4 -112 1.19
4 -112 1.77
4 -112 2.41
4 -112 1.76
4 -112 1.54
4 -112 1.96
4 -112 1.9
4 -112 1.95
4 -112 1.5
4 -112 1.54
4 -112 1.51
4 -112 1.61
4 -112 1.22
4 -112 1.23
4 -112 1.32
4 -112 1.28
4 -112 1.34
4 -112 1.73
4 -112 1.65
4 -112 1.84
4 -112 2.41
4 -112 2.51
4 -112 1.61
4 -112 2.19
4 -112 2.33
4 -112 2.62
4 -112 1.77
4 -112 1.8
4 -112 3.05
4 -112 2.17
4 -112 0.76
4 -112 1.22
4 -112 1.22
4 -112 1.92
4 -112 1.7
4 -112 1.37
4 -112 1.6
4 -112 1.57
4 -112 3.03
4 -112 2.55
4 -112 2.95
4 -112 2.97
4 -112 3.09
4 -112 3.22
4 -112 3.28
4 -112 2.43
4 -112 2.3
4 -112 2.52
4 -112 2.09
4 -112 2.21
4 -112 1.93
4 -112 2.16
4 -112 1.97
4 -112 2.17
4 -112 1.98
4 -112 2.26
4 -112 2.46
4 -112 2.36
4 -112 2.58
4 -112 2.24
4 -112 2.25
4 -112 2.09
4 -112 2.27
4 -112 2.23
4 -112 2.1
4 -112 2.18
4 -112 2.19
4 -112 2.3
4 -112 2.7
4 -112 3.02
4 -112 3.06
4 -112 2.96
4 -112 3.06
4 -112 2.85
4 -112 2.91
4 -112 3.14
4 -112 3.14
4 -112 2.99
4 -112 3.06
4 -112 3.08
4 -112 3.23
4 -112 2.98
4 -112 2.72
4 -112 2.57
4 -112 2.52
4 -112 2.53
4 -112 2.5
4 -112 2.46
4 -112 2.55
4 -112 2.43
4 -112 2.58
4 -112 2.44
4 -112 2.38
4 -112 2.65
4 -112 2.53
4 -112 2.69
4 -112 2.67
4 -112 2.58
4 -112 2.42
4 -112 2.45
4 -112 2.55
4 -112 2.77
4 -112 2.81
4 -112 2.87
4 -112 3.18
4 -112 2.92
4 -112 2.92
4 -112 2.72
4 -112 2.83
4 -112 2.57
4 -112 2.77
4 -112 2.51
4 -112 2.57
4 -112 2.57
4 -112 2.53
4 -112 2.45
4 -112 2.49
4 -112 2.36
4 -112 2.37
4 -112 2.25
4 -112 2.19
4 -112 1.94
4 -112 2.02
4 -112 2.07
4 -112 2.06
4 -112 2.02
4 -112 2.07
4 -112 2.14
4 -112 2.17
4 -112 2.25
4 -112 2.39
4 -112 2.6
4 -112 2.71
4 -112 2.53
4 -112 2.71
4 -112 2.63
4 -112 2.23
4 -112 2.45
4 -112 2.05
4 -112 1.76
4 -112 1.96
4 -112 2.13
4 -112 2.12
4 -112 2.22
4 -112 2
4 -112 1.71
4 -112 1.16
4 -112 1.41
4 -112 1.76
4 -112 1.66
4 -112 1.97
4 -112 2.17
4 -112 1.88
4 -112 1.72
4 -112 1.84
4 -112 0.99
4 -112 1.58
4 -112 1.67
4 -112 1.33
4 -112 1.34
4 -112 1.43
4 -112 1.63
4 -112 1.66
4 -112 1.3
4 -112 1.37
4 -112 1.62
4 -112 0.69
4 -112 2.55
4 -112 1.93
4 -112 2.72
4 -112 2.54
4 -112 2.71
4 -112 2.02
4 -112 2.34
4 -112 1.79
4 -112 1.65
4 -112 1.72
4 -112 2.19
4 -112 1.86
4 -112 2.27
4 -112 2.64
4 -112 2.5
4 -112 2.06
4 -112 2.02
4 -112 2.38
4 -112 2.98
4 -112 3.38
4 -112 3.51
4 -112 4.88
4 -112 2.56
4 -112 3.96
4 -112 3.24
4 -112 3.76
4 -112 3.49
4 -112 3.61
4 -112 3.19
4 -112 3.61
4 -112 4.51
4 -112 3.27
4 -112 2.4
4 -112 2.44
4 -112 3.34
4 -112 3.9
4 -112 3.38
4 -112 2.76
4 -112 2.77
4 -112 2.85
4 -112 3.52
4 -112 3.14
4 -112 3.1
4 -112 3.15
4 -112 3.55
4 -112 3.52
4 -112 3.51
4 -112 3.35
4 -112 3.26
4 -112 3.55
4 -112 3.3
4 -112 3.67
4 -112 3.05
4 -112 3.01
4 -112 3.45
4 -112 3.8
4 -112 3.49
4 -112 3.69
4 -112 3.83
4 -112 4.1
4 -112 3.81
4 -112 3.65
4 -112 3.7
4 -112 3.71
4 -112 3.79
4 -112 3.7
4 -112 3.61
4 -112 3.52
4 -112 3.14
4 -112 3.07
4 -112 2.94
4 -112 2.44
4 -112 2.83
4 -112 2.5
4 -112 2.55
4 -112 2.46
4 -112 2.7
4 -112 2.76
4 -112 2.9
4 -112 2.77
4 -112 2.7
4 -112 2.71
4 -112 2.44
4 -112 2.97
4 -112 3.05
4 -112 2.77
4 -112 3.03
4 -112 3.19
4 -112 3.59
4 -112 3.47
4 -112 3.41
4 -112 3.71
4 -112 3.65
4 -112 4.06
4 -112 3.91
4 -112 3.95
4 -112 3.61
4 -112 3.35
4 -112 3.25
4 -112 3.37
4 -112 3.47
4 -112 3.45
4 -112 3.52
4 -112 3.48
4 -112 3.03
4 -112 3
4 -112 3.03
4 -112 3.09
4 -112 2.99
4 -112 2.99
4 -112 2.85
4 -112 2.84
4 -112 3.26
4 -112 3.52
4 -112 3.63
4 -112 3.83
4 -112 3.78
4 -112 3.65
4 -112 3.66
4 -112 3.71
4 -112 3.7
4 -112 3.68
4 -112 3.78
4 -112 3.72
4 -112 3.53
4 -112 3.42
4 -112 3.07
4 -112 2.82
4 -112 2.71
4 -112 2.7
4 -112 2.67
4 -112 2.72
4 -112 2.68
4 -112 2.81
4 -112 2.91
4 -112 2.95
4 -112 2.98
4 -112 2.88
4 -112 2.85
4 -112 2.72
4 -112 2.29
4 -112 2.13
4 -112 2.07
4 -112 2.08
4 -112 1.96
4 -112 2.2
4 -112 2.3
4 -112 2.18
4 -112 2.1
4 -112 2.3
4 -112 2.43
4 -112 2.37
4 -112 2.1
4 -112 2.19
4 -112 2.16
4 -112 2.28
4 -112 2.14
4 -112 2.49
4 -112 2.63
4 -112 2.77
4 -112 2.65
4 -112 2.96
4 -112 2.85
4 -112 2.74
4 -112 2.09
4 -112 2.82
4 -112 3.13
4 -112 3.64
4 -112 3.69
4 -112 3.93
4 -112 3.83
4 -112 3.74
4 -112 4.55
4 -112 3.75
4 -112 3.07
4 -112 3.25
4 -112 3.33
4 -112 3.17
4 -112 3.09
4 -112 2.73
4 -112 2.59
4 -112 2.68
4 -112 2.71
4 -112 2.48
4 -112 2.12
4 -112 2.08
4 -112 2.24
4 -112 2.79
4 -112 3.01
4 -112 3.21
4 -112 3.33
4 -112 3.52
4 -112 3.39
4 -112 3.27
4 -112 3.06
4 -112 2.9
4 -112 3.04
4 -112 2.97
4 -112 2.88
4 -112 2.75
4 -112 2.75
4 -112 2.62
4 -112 2.52
4 -112 2.47
4 -112 2.33
4 -112 2.18
4 -112 2.31
4 -112 2.46
4 -112 2.48
4 -112 2.49
4 -112 2.56
4 -112 2.6
4 -112 2.49
4 -112 2.55
4 -112 2.53
4 -112 2.53
4 -112 2.24
4 -112 2.74
4 -112 4.2
4 -112 3.56
4 -112 2.6
4 -112 2.91
4 -112 2.64
4 -112 2.83
4 -112 1.87
4 -112 3.6
4 -112 2.19
4 -112 3.04
4 -112 3.06
4 -112 3.32
4 -112 3.28
4 -112 3.49
4 -112 3.62
4 -112 3.42
4 -112 3.93
4 -112 2.02
4 -112 1.23
4 -112 1.85
4 -112 1.44
4 -112 4.06
4 -112 3.8
4 -112 3.37
4 -112 1.81
4 -112 1.21
4 -112 1.19
4 -112 1.56
4 -112 1.48
4 -112 1.76
4 -112 1.74
4 -112 1.76
4 -112 1.74
4 -112 2.5
4 -112 2.75
4 -112 2.37
4 -112 2.3
4 -112 3.02
4 -112 2.91
4 -112 2.77
4 -112 2.83
4 -112 2.97
4 -112 2.97
4 -112 2.7
4 -112 3.12
4 -112 3.25
4 -112 3.44
4 -112 3.53
4 -112 3.48
4 -112 3.42
4 -112 3.37
4 -112 3.26
4 -112 3.15
4 -112 3.21
4 -112 2.76
4 -112 2.56
4 -112 2.73
4 -112 2.69
4 -112 2.74
4 -112 3.16
4 -112 3.45
4 -112 3.74
4 -112 4.2
4 -112 3.98
4 -112 3.41
4 -112 3.6
4 -112 3.48
4 -112 3.25
4 -112 3.55
4 -112 3.92
4 -112 4
4 -112 3.56
4 -112 2.54
4 -112 2.86
4 -112 2.22
4 -112 2.48
4 -112 2.62
4 -112 2.4
4 -112 2.59
4 -112 3.18
4 -112 2.5
4 -112 2.15
4 -112 2.01
4 -112 2.44
4 -112 2.41
4 -112 3.31
4 -112 4
4 -112 4.21
4 -112 4
4 -112 3.34
4 -112 3.2
4 -112 3.13
4 -112 2.36
4 -112 2.81
4 -112 2.5
4 -112 2.04
4 -112 1.95
4 -112 1.97
4 -112 1.98
4 -112 2.03
4 -112 2.11
4 -112 1.91
4 -112 2.07
4 -112 2.11
4 -112 2.37
4 -112 2.49
4 -112 2.54
4 -112 2.49
4 -112 2.51
4 -112 3.02
4 -112 3.34
4 -112 3.78
4 -112 3.75
4 -112 4.27
4 -112 4.36
4 -112 4.08
4 -112 3.71
4 -112 4.02
4 -112 3.36
4 -112 2.89
4 -112 3.92
4 -112 3.86
4 -112 3.8
4 -112 3.59
4 -112 4.01
4 -112 3.61
4 -112 4
4 -112 4.15
4 -112 3.99
4 -112 3.86
4 -112 4.34
4 -112 4.34
4 -112 4.32
4 -112 4.23
4 -112 3.57
4 -112 3.04
4 -112 3.05
4 -112 3.48
4 -112 3.03
4 -112 2.99
4 -112 2.93
4 -112 2.87
4 -112 2.75
4 -112 2.69
4 -112 3.09
4 -112 2.95
4 -112 3.55
4 -112 4.19
4 -112 4.38
4 -112 3.99
4 -112 4.86
4 -112 4.94
4 -112 4.98
4 -112 4.99
4 -112 4.53
4 -112 4.58
4 -112 4.7
4 -112 4.73
4 -112 4.63
4 -112 4.72
4 -112 4.66
4 -112 4.31
4 -112 4.03
4 -112 4.03
4 -112 4.74
4 -112 4.4
4 -112 4.3
4 -112 4.27
4 -112 4.28
4 -112 3.87
4 -112 4.74
4 -112 4.23
4 -112 4.73
4 -112 3.69
4 -112 4.57
4 -112 3.77
4 -112 4.03
4 -112 4.47
4 -112 4.4
4 -112 4.35
4 -112 4.42
4 -112 4.45
4 -112 4.36
4 -112 3.88
4 -112 3.94
4 -112 3.52
4 -112 3.8
4 -112 4
4 -112 3.86
4 -112 4.06
4 -112 4.59
4 -112 4.99
4 -112 5.11
4 -112 5.18
4 -112 4.95
4 -112 4.85
4 -112 4.75
4 -112 4.39
4 -112 4.56
4 -112 3.81
4 -112 4.64
4 -112 4.87
4 -112 4.56
4 -112 4.57
4 -112 4.83
4 -112 5.08
4 -112 5.26
4 -112 5.15
4 -112 5.58
4 -112 5.24
4 -112 5.26
4 -112 5.27
4 -112 5.51
4 -112 5.43
4 -112 5.44
4 -112 5.24
4 -112 4.64
4 -112 4.4
4 -112 4.77
4 -112 4.81
4 -112 5.6
4 -112 5.11
4 -112 5.57
4 -112 5.19
4 -112 5
4 -112 4.14
4 -112 5.03
4 -112 4.79
4 -112 5.04
4 -112 4.91
4 -112 4.81
4 -112 4.88
4 -112 4.52
4 -112 4.74
4 -112 4.62
4 -112 4.67
4 -112 4.94
4 -112 4.52
4 -112 4.37
4 -112 4.49
4 -112 4.68
4 -112 4.84
4 -112 5.03
4 -112 5.02
4 -112 5.14
4 -112 5.15
4 -112 5.23
4 -112 5.34
4 -112 5.74
4 -112 5.17
4 -112 5.32
4 -112 5.48
4 -112 5.1
4 -112 5.24
4 -112 5.43
4 -112 4.98
4 -112 4.91
4 -112 4.68
4 -112 5.12
4 -112 5.25
4 -112 5.33
4 -112 5.22
4 -112 5.3
4 -112 5.11
4 -112 4.99
4 -112 5.01
4 -112 4.85
4 -112 4.86
4 -112 4.81
4 -112 4.84
4 -112 4.98
4 -112 5.09
4 -112 4.97
4 -112 4.95
4 -112 4.85
4 -112 4.79
4 -112 4.75
4 -112 4.54
4 -112 4.58
4 -112 4.64
4 -112 4.6
4 -112 4.63
4 -112 4.42
4 -112 4.37
4 -112 4.3
4 -112 4.36
4 -112 4.47
4 -112 4.33
4 -112 4.29
4 -112 4.33
4 -112 4.37
4 -112 4.47
4 -112 4.3
4 -112 4.32
4 -112 4.36
4 -112 4.37
4 -112 4.49
4 -112 4.31
4 -112 4.14
4 -112 4
4 -112 3.92
4 -112 3.88
4 -112 4.12
4 -112 4.13
4 -112 4.23
4 -112 3.97
4 -112 3.96
4 -112 3.86
4 -112 3.69
4 -112 3.9
4 -112 3.72
4 -112 2.92
4 -112 3.9
4 -112 4.26
4 -112 4.21
4 -112 4.69
4 -112 4.18
4 -112 4.6
4 -112 4.17
4 -112 4.37
4 -112 4.54
4 -112 3.86
4 -112 4.47
4 -112 5.2
4 -112 4.7
4 -112 4.49
4 -112 4.17
4 -112 4.43
4 -112 4.37
4 -112 3.89
4 -112 4.68
4 -112 4.43
4 -112 4.26
4 -112 4.62
4 -112 4.42
4 -112 4.22
4 -112 4.2
4 -112 4.06
4 -112 4.13
4 -112 4.35
4 -112 4.5
4 -112 4.33
4 -112 4.83
4 -112 5.35
4 -112 4.58
4 -110 -0.5
4 -110 -0.4
4 -110 -0.45
4 -110 -0.3
4 -110 -0.38
4 -110 -0.37
4 -110 -0.37
4 -110 -0.37
4 -110 -0.37
4 -110 -0.31
4 -110 -0.36
4 -110 -0.46
4 -110 -0.39
4 -110 -0.46
4 -110 -0.49
4 -110 -0.44
4 -110 -0.43
4 -110 -0.44
4 -110 -0.42
4 -110 -0.53
4 -110 -0.44
4 -110 -0.58
4 -110 -0.62
4 -110 -0.51
4 -110 -0.4
4 -110 -0.32
4 -110 -0.42
4 -110 -0.43
4 -110 -0.47
4 -110 -0.63
4 -110 -0.71
4 -110 -0.8
4 -110 -0.85
4 -110 -0.81
4 -110 -0.7
4 -110 -0.88
4 -110 -0.84
4 -110 -0.86
4 -110 -0.94
4 -110 -1.03
4 -110 -1.13
4 -110 -0.79
4 -110 -0.68
4 -110 -0.88
4 -110 -1
4 -110 -0.89
4 -110 -0.99
4 -110 -0.92
4 -110 -0.9
4 -110 -0.96
4 -110 -0.87
4 -110 -0.95
4 -110 -0.89
4 -110 -0.92
4 -110 -0.84
4 -110 -0.87
4 -110 -0.81
4 -110 -0.83
4 -110 -0.89
4 -110 -0.75
4 -110 -0.7
4 -110 -0.78
4 -110 -0.68
4 -110 -0.77
4 -110 -0.74
4 -110 -0.8
4 -110 -0.84
4 -110 -0.79
4 -110 -0.83
4 -110 -0.91
4 -110 -0.84
4 -110 -0.76
4 -110 -0.76
4 -110 -0.75
4 -110 -0.81
4 -110 -0.75
4 -110 -0.69
4 -110 -0.66
4 -110 -0.59
4 -110 -0.56
4 -110 -0.49
4 -110 -0.47
4 -110 -0.49
4 -110 -0.46
4 -110 -0.45
4 -110 -0.29
4 -110 -0.08
4 -110 0.05
4 -110 0.31
4 -110 0.28
4 -110 0.59
4 -110 0.22
4 -110 -0.37
4 -110 -0.04
4 -110 0.07
4 -110 0.02
4 -110 0.08
4 -110 -0.05
4 -110 -0.02
4 -110 -0.08
4 -110 0.02
4 -110 -0.18
4 -110 -0.49
4 -110 -0.51
4 -110 -0.43
4 -110 -0.26
4 -110 -0.25
4 -110 -0.18
4 -109 -0.28
4 -109 -0.3
4 -109 -0.39
4 -109 -0.46
4 -109 -0.47
4 -109 -0.37
4 -109 0.06
4 -109 0.09
4 -109 0.24
4 -109 0.12
4 -109 0
4 -109 0.04
4 -109 0.2
4 -109 0.21
4 -109 0.2
4 -109 0.14
4 -109 0.15
4 -109 0.21
4 -109 0.25
4 -109 0.3
4 -110 0.19
4 -110 0.25
4 -110 0.32
4 -110 0.19
4 -110 0.12
4 -110 -0.07
4 -110 -0.07
4 -110 -0.21
4 -110 -0.24
4 -110 -0.3
4 -110 -0.28
4 -110 -0.38
4 -110 -0.4
4 -110 -0.32
4 -110 -0.28
4 -110 -0.11
4 -110 -0.01
4 -110 -0.01
4 -110 0.06
4 -110 0.15
4 -110 0.16
4 -110 0.11
4 -110 0.13
4 -110 0.22
4 -110 0.2
4 -110 0.29
4 -110 0.3
4 -110 0.25
4 -110 0.3
4 -110 0.23
4 -110 0.28
4 -110 0.22
4 -110 0.27
4 -112 0.12
4 -112 0.16
4 -112 0.21
4 -112 0.18
4 -112 0.07
4 -112 -0.08
4 -112 -0.09
4 -112 -0.47
4 -112 -0.61
4 -112 -0.64
4 -112 -0.82
4 -112 -0.77
4 -112 -0.91
4 -112 -0.72
4 -112 -0.49
4 -112 -0.28
4 -112 -0.17
4 -112 -0.03
4 -112 0.07
4 -112 0.47
4 -112 0.62
4 -112 0.69
4 -112 0.72
4 -112 0.66
4 -112 0.59
4 -112 0.47
4 -112 0.29
4 -112 0.45
4 -112 0.64
4 -112 0.34
4 -112 0.8
4 -112 0.46
4 -112 -0.77
4 -112 -1.08
4 -112 0.01
4 -112 -0.77
4 -112 0.2
4 -112 1.54
4 -112 0.51
4 -112 0.96
4 -112 0.76
4 -112 0.86
4 -112 2.55
4 -112 -0.66
4 -112 0.08
4 -112 1.92
4 -112 -0.18
4 -112 1.55
4 -112 0.84
4 -112 1.98
4 -112 -1.26
4 -112 2.78
4 -112 2.56
4 -112 -1.69
4 -112 0.87
4 -112 -0.31
4 -112 1.32
4 -112 0.21
4 -112 2.46
4 -112 0.64
4 -112 3.15
4 -112 0.54
4 -112 -0.04
4 -112 1.19
4 -112 0.91
4 -112 0.87
4 -112 1.44
4 -112 1.89
4 -112 2.07
4 -112 2.56
4 -112 -0.14
4 -112 1.4
4 -112 0.96
4 -112 1.96
4 -112 1.22
4 -112 1.24
4 -112 0.88
4 -112 1.64
4 -112 1.16
4 -112 1.97
4 -112 2.22
4 -112 2.94
4 -112 1.39
4 -112 0.18
4 -112 1.39
4 -112 3.19
4 -112 1.75
4 -112 2.17
4 -112 1.67
4 -112 1.71
4 -112 2.62
4 -112 1.96
4 -112 1.68
4 -112 2.06
4 -112 1.27
4 -112 1.28
4 -112 1.01
4 -112 1.51
4 -112 2.79
4 -112 3.29
4 -112 0.46
4 -112 0.88
4 -112 1.33
4 -112 1.02
4 -112 1.21
4 -112 -0.54
4 -112 0.15
4 -112 0.31
4 -112 0.33
4 -112 0.79
4 -112 1.65
4 -112 -0.15
4 -112 -1.18
4 -112 0.39
4 -112 0.69
4 -112 0.5
4 -112 0.3
4 -112 0.43
4 -112 -0.44
4 -112 1.24
4 -112 1.55
4 -112 1.39
4 -112 1.58
4 -112 -0.3
4 -112 0.3
4 -112 1.41
4 -112 1.28
4 -112 0.45
4 -112 1.86
4 -112 1.94
4 -112 1.42
4 -112 -0.24
4 -112 4.51
4 -112 1.59
4 -112 2.01
4 -112 1.95
4 -112 1.31
4 -112 1.64
4 -112 2.02
4 -112 1.11
4 -112 1.32
4 -112 1.55
4 -112 2.26
4 -112 1.93
4 -112 1.27
4 -112 0.64
4 -112 2.59
4 -112 0.62
4 -112 1.12
4 -112 1.48
4 -112 1.4
4 -112 0.87
4 -112 1.06
4 -112 1.06
4 -112 1.55
4 -112 1.75
4 -112 -0.22
4 -112 0.8
4 -112 0.89
4 -112 0.75
4 -112 0.94
4 -112 1.64
4 -112 1
4 -112 1.24
4 -112 1.07
4 -112 1.2
4 -112 1
4 -112 0.99
4 -112 0.9
4 -112 0.61
4 -112 0.45
4 -112 0.63
4 -112 0.73
4 -112 0.68
4 -112 0.85
4 -112 0.9
4 -112 0.78
4 -112 0.82
